frame,p1_post_positionX,p1_post_positionY,p1_post_facingDirection,p1_post_percent,p1_post_shieldSize,p1_post_stocksRemaining,p1_post_lCancelStatus,p2_post_positionX,p2_post_positionY,p2_post_facingDirection,p2_post_percent,p2_post_shieldSize,p2_post_stocksRemaining,p2_post_lCancelStatus,stageId,winner
15,25.225833892822266,9.999999747378752e-05,-1,0.0,60.0,4,0,-21.30299949645996,9.999999747378752e-05,1,0.0,60.0,4,0,32,False
30,25.91026496887207,9.999999747378752e-05,1,0.0,60.0,4,0,-24.569679260253906,9.999999747378752e-05,1,0.0,60.0,4,0,32,False
45,45.888160705566406,9.999999747378752e-05,1,0.0,60.0,4,0,-45.00556182861328,2.100099802017212,-1,0.0,60.0,4,0,32,False
60,60.9996223449707,9.999999747378752e-05,1,0.0,60.0,4,0,-61.02875518798828,0.00010013580322265625,-1,0.0,60.0,4,0,32,False
75,54.313262939453125,12.096098899841309,1,0.0,60.0,4,0,-65.3869400024414,24.840099334716797,1,0.0,60.0,4,0,32,False
90,35.88200759887695,20.736099243164062,1,0.0,60.0,4,0,-65.50384521484375,11.080101013183594,1,0.0,60.0,4,0,32,False
105,20.130136489868164,9.999999747378752e-05,1,0.0,60.0,4,0,-55.39634323120117,9.999999747378752e-05,1,0.0,60.0,4,0,32,False
120,3.5616445541381836,9.999999747378752e-05,1,0.0,60.0,4,0,-61.184226989746094,9.999999747378752e-05,1,0.0,60.0,4,0,32,False
135,-9.618504524230957,0.2963137626647949,1,0.0,60.0,4,0,-74.23992156982422,7.020099639892578,1,0.0,60.0,4,0,32,False
150,-25.367935180664062,9.999999747378752e-05,1,0.0,60.0,4,0,-78.24098205566406,9.999999747378752e-05,1,0.0,60.0,4,0,32,False
165,-41.6864013671875,8.658098220825195,1,3.0,60.0,4,0,-54.87474060058594,20.930099487304688,1,0.0,60.0,4,0,32,False
180,-60.6332893371582,0.00010000169277191162,1,3.0,60.0,4,2,-33.574737548828125,14.280099868774414,1,0.0,60.0,4,0,32,False
195,-64.35142517089844,9.999999747378752e-05,1,3.0,60.0,4,0,-19.4747314453125,9.999999747378752e-05,1,0.0,60.0,4,0,32,False
210,-56.3110466003418,0.00010001659393310547,1,3.0,60.0,4,0,3.4748504161834717,9.999999747378752e-05,1,0.0,60.0,4,0,32,False
225,-43.09568405151367,9.999999747378752e-05,1,3.0,60.0,4,0,7.714388370513916,28.980098724365234,-1,0.0,60.0,4,0,32,False
240,-27.745710372924805,9.999999747378752e-05,1,3.0,60.0,4,0,16.140565872192383,18.630096435546875,-1,0.0,60.0,4,0,32,False
255,-11.72796630859375,9.999999747378752e-05,1,3.0,60.0,4,0,25.614946365356445,9.999999747378752e-05,-1,0.0,60.0,4,0,32,False
270,1.430506706237793,9.999999747378752e-05,1,3.0,60.0,4,0,41.227806091308594,9.999999747378752e-05,-1,0.0,60.0,4,0,32,False
285,13.322976112365723,9.999999747378752e-05,1,3.0,60.0,4,0,47.23146438598633,10.45009994506836,-1,0.0,60.0,4,0,32,False
300,23.605382919311523,9.999999747378752e-05,1,5.730000019073486,60.0,4,0,39.24870681762695,2.100099802017212,-1,0.0,60.0,4,0,32,False
315,39.182472229003906,9.999999747378752e-05,1,5.730000019073486,60.0,4,0,16.148706436157227,6.000098705291748,-1,0.0,60.0,4,0,32,False
330,39.4296989440918,9.999999747378752e-05,1,5.730000019073486,60.0,4,0,-1.4887953996658325,9.999999747378752e-05,-1,0.0,60.0,4,0,32,False
345,39.4296989440918,9.999999747378752e-05,1,5.730000019073486,60.0,4,0,-23.868295669555664,6.6200995445251465,1,0.0,60.0,4,0,32,False
360,36.69094467163086,0.00010000169277191162,1,5.730000019073486,60.0,4,0,-35.39231872558594,5.610099792480469,1,0.0,60.0,4,0,32,False
375,22.669662475585938,9.999999747378752e-05,1,5.730000019073486,60.0,4,0,-37.47891616821289,9.999999747378752e-05,1,0.0,60.0,4,0,32,False
390,8.594164848327637,9.999999747378752e-05,1,5.730000019073486,60.0,4,0,-37.47891616821289,10.650099754333496,1,0.0,60.0,4,0,32,False
405,-4.848556041717529,9.999999747378752e-05,1,5.730000019073486,60.0,4,0,-36.78291702270508,10.35010051727295,1,0.0,60.0,4,0,32,False
420,-16.575027465820312,9.999999747378752e-05,1,5.730000019073486,60.0,4,0,-35.762916564941406,27.880098342895508,1,0.0,60.0,4,0,32,False
435,-23.755321502685547,9.999999747378752e-05,1,5.730000019073486,60.0,4,0,-35.762916564941406,9.999999747378752e-05,1,0.0,60.0,4,0,32,False
450,-24.889585494995117,5.980480194091797,-1,13.729999542236328,60.0,4,0,-29.04291534423828,9.999999747378752e-05,1,0.0,60.0,4,0,32,False
465,-27.45655059814453,15.991687774658203,-1,13.729999542236328,60.0,4,0,-29.04291534423828,9.999999747378752e-05,1,0.0,60.0,4,0,32,False
480,-27.454137802124023,28.292339324951172,-1,13.729999542236328,60.0,4,0,-29.04291534423828,9.999999747378752e-05,1,0.0,60.0,4,0,32,False
495,-34.02176284790039,27.278337478637695,1,28.729999542236328,60.0,4,0,-25.21216583251953,10.45009994506836,1,0.0,60.0,4,0,32,False
510,-45.27800750732422,33.80845260620117,1,28.729999542236328,60.0,4,0,-19.594667434692383,9.999999747378752e-05,1,0.0,60.0,4,0,32,False
525,-53.38644027709961,26.094898223876953,1,28.729999542236328,60.0,4,0,-33.496341705322266,10.35010051727295,-1,0.0,60.0,4,0,32,False
540,-58.38533020019531,20.07245445251465,1,40.72999954223633,60.0,4,0,-35.61280059814453,21.33453941345215,-1,12.0,60.0,4,0,32,False
555,-80.32674407958984,18.946372985839844,1,40.72999954223633,60.0,4,0,-29.561786651611328,9.999999747378752e-05,-1,12.0,60.0,4,0,32,False
570,-85.5462417602539,21.522619247436523,1,40.72999954223633,60.0,4,0,-31.174314498901367,9.999999747378752e-05,-1,12.0,60.0,4,0,32,False
585,-69.14287567138672,33.05628967285156,1,40.72999954223633,60.0,4,0,-22.340229034423828,20.930099487304688,-1,12.0,60.0,4,0,32,False
600,-68.00386810302734,29.066287994384766,1,43.459999084472656,60.0,4,0,-17.15644645690918,27.830097198486328,-1,12.0,60.0,4,0,32,False
615,-48.30699157714844,11.360284805297852,1,43.459999084472656,60.0,4,0,-5.6316962242126465,9.999999747378752e-05,-1,12.0,60.0,4,0,32,False
630,-35.33263397216797,9.999999747378752e-05,1,45.97999954223633,60.0,4,0,-3.6285414695739746,10.360099792480469,-1,12.0,60.0,4,0,32,False
645,-20.455446243286133,8.030098915100098,1,48.31999969482422,60.0,4,0,-9.208540916442871,9.999999747378752e-05,-1,12.0,60.0,4,0,32,False
660,-6.587810516357422,15.360184669494629,-1,59.599998474121094,60.0,4,0,-25.328542709350586,10.620100021362305,-1,12.0,60.0,4,0,32,False
675,19.871936798095703,32.513797760009766,-1,59.599998474121094,60.0,4,0,-45.668548583984375,9.999999747378752e-05,-1,12.0,60.0,4,0,32,False
690,38.26255416870117,31.86067771911621,-1,59.599998474121094,60.0,4,0,-62.948551177978516,9.999999747378752e-05,1,12.0,60.0,4,0,32,False
705,49.77950668334961,36.58681869506836,-1,59.599998474121094,60.0,4,0,-43.97289276123047,9.999999747378752e-05,1,12.0,60.0,4,0,32,False
720,33.69953536987305,51.3314323425293,-1,59.599998474121094,60.0,4,0,-35.800106048583984,9.999999747378752e-05,1,12.0,60.0,4,0,32,False
735,16.982036590576172,49.2014274597168,-1,59.599998474121094,60.0,4,0,-29.54885482788086,9.999999747378752e-05,1,12.0,60.0,4,0,32,False
750,-3.0148396492004395,33.28742980957031,-1,59.599998474121094,60.0,4,0,-18.64995002746582,9.999999747378752e-05,1,12.0,60.0,4,0,32,False
765,-21.96171760559082,13.787439346313477,-1,59.599998474121094,60.0,4,0,7.963888645172119,1.6381158828735352,1,12.0,60.0,4,0,32,False
780,-39.82431411743164,12.181736946105957,-1,59.599998474121094,60.0,4,0,-11.308612823486328,9.999999747378752e-05,-1,12.0,60.0,4,0,32,False
795,-47.19490432739258,14.864410400390625,-1,59.599998474121094,60.0,4,0,-34.7086181640625,7.350099086761475,-1,12.0,60.0,4,0,32,False
810,-73.13739013671875,28.730573654174805,1,69.91999816894531,60.0,4,0,-46.548622131347656,9.999999747378752e-05,-1,12.0,60.0,4,0,32,False
825,-103.63749694824219,35.31256866455078,1,69.91999816894531,60.0,4,0,-70.51487731933594,18.63010025024414,-1,12.0,60.0,4,0,32,False
840,-124.88052368164062,31.373571395874023,1,69.91999816894531,60.0,4,0,-91.9371337890625,28.9800968170166,-1,12.0,60.0,4,0,32,False
855,-127.32953643798828,39.091548919677734,1,69.91999816894531,60.0,4,0,-100.47513580322266,9.220096588134766,1,12.0,60.0,4,0,32,False
870,-122.41908264160156,50.683197021484375,1,69.91999816894531,60.0,4,0,-93.05104064941406,46.8140983581543,1,12.0,60.0,4,0,32,False
885,-113.40845489501953,33.17121505737305,1,69.91999816894531,60.0,4,0,-84.1921615600586,18.560096740722656,1,12.0,60.0,4,0,32,False
900,-97.72533416748047,9.171209335327148,1,69.91999816894531,60.0,4,0,-71.30078125,9.999999747378752e-05,1,12.0,60.0,4,0,32,False
915,-103.21893310546875,23.541208267211914,1,69.91999816894531,60.0,4,0,-47.30686950683594,9.999999747378752e-05,1,12.0,60.0,4,0,32,False
930,-115.54994201660156,19.869203567504883,1,69.91999816894531,60.0,4,0,-38.62334442138672,9.999999747378752e-05,1,12.0,60.0,4,0,32,False
945,-100.16596221923828,-4.130798816680908,1,69.91999816894531,60.0,4,0,-37.468544006347656,9.999999747378752e-05,1,12.0,60.0,4,0,32,False
960,-93.02294921875,-10.039999961853027,1,69.91999816894531,60.0,4,0,-56.89990234375,9.999999747378752e-05,-1,12.0,60.0,4,0,32,False
975,-88.07847595214844,7.029997825622559,-1,69.91999816894531,60.0,4,0,-68.37896728515625,9.999999747378752e-05,1,12.0,60.0,4,0,32,False
990,-89.72997283935547,10.35999584197998,-1,69.91999816894531,60.0,4,0,-54.96586608886719,9.999999747378752e-05,-1,24.0,60.0,4,0,32,False
1005,-88.20406341552734,-10.404004096984863,-1,69.91999816894531,60.0,4,0,-32.779354095458984,9.999999747378752e-05,1,24.0,60.0,4,0,32,False
1020,-73.92573547363281,-34.40400695800781,-1,69.91999816894531,60.0,4,0,-25.670612335205078,9.999999747378752e-05,-1,24.0,60.0,4,0,32,False
1035,-89.08430480957031,-49.217987060546875,-1,69.91999816894531,60.0,4,0,-58.02186965942383,9.999999747378752e-05,-1,24.0,60.0,4,0,32,False
1050,-104.35103607177734,-35.9279899597168,-1,69.91999816894531,60.0,4,0,-87.90362548828125,-0.6899000406265259,-1,24.0,60.0,4,0,32,False
1065,-118.76850891113281,-30.093990325927734,-1,69.91999816894531,60.0,4,0,-98.4383773803711,-30.74989891052246,-1,24.0,60.0,4,0,32,False
1080,-123.71376037597656,-19.563993453979492,1,69.91999816894531,60.0,4,0,-96.23114013671875,-6.837894916534424,1,24.0,60.0,4,0,32,False
1095,-109.44059753417969,-13.99299144744873,1,69.91999816894531,60.0,4,0,-88.20064544677734,7.652108192443848,1,24.0,60.0,4,0,32,False
1110,-102.65965270996094,-11.524931907653809,1,69.91999816894531,60.0,4,0,-88.13819885253906,-14.182499885559082,1,24.0,60.0,4,0,32,False
1125,-113.0490493774414,-8.797053337097168,1,69.91999816894531,60.0,4,0,-90.93030548095703,-12.000937461853027,1,24.0,60.0,4,0,32,False
1140,-114.60450744628906,0.08294451236724854,1,69.91999816894531,60.0,4,0,-77.99853515625,24.12847900390625,1,24.0,60.0,4,0,32,False
1155,-100.29451751708984,-0.15705648064613342,1,69.91999816894531,60.0,4,0,-73.03203582763672,32.378475189208984,1,24.0,60.0,4,0,32,False
1170,-92.45089721679688,-0.15705648064613342,1,69.91999816894531,60.0,4,0,-75.53227233886719,9.999999747378752e-05,1,24.0,60.0,4,0,32,False
1185,-90.26569366455078,-9.399999618530273,1,69.91999816894531,60.0,4,0,-75.53227233886719,3.6800999641418457,1,24.0,60.0,4,0,32,False
1200,-90.71106719970703,-3.3680014610290527,1,69.91999816894531,60.0,4,0,-75.384521484375,31.28009796142578,1,24.0,60.0,4,0,32,False
1215,-72.82613372802734,6.021995544433594,1,69.91999816894531,60.0,4,0,-72.4247817993164,49.190101623535156,1,24.0,60.0,4,0,32,False
1230,-55.61174011230469,9.999999747378752e-05,1,69.91999816894531,60.0,4,0,-61.182403564453125,40.700096130371094,1,24.0,60.0,4,0,32,False
1245,-54.24299240112305,9.999999747378752e-05,1,69.91999816894531,49.08000564575195,4,0,-53.04027557373047,3.300095558166504,1,24.0,60.0,4,0,32,False
1260,-57.927001953125,9.999999747378752e-05,1,69.91999816894531,49.010005950927734,4,0,-47.164764404296875,9.999999747378752e-05,1,24.0,60.0,4,0,32,False
1275,-82.57197570800781,9.999999747378752e-05,1,74.91999816894531,50.060001373291016,4,0,-47.64026641845703,8.20009994506836,1,24.0,60.0,4,0,32,False
1290,-109.16790771484375,-5.823901176452637,1,74.91999816894531,51.1099967956543,4,0,-57.33601379394531,9.999999747378752e-05,1,24.0,60.0,4,0,32,False
1305,-108.03288269042969,4.134096145629883,1,74.91999816894531,52.15999221801758,4,0,-64.23723602294922,9.999999747378752e-05,1,24.0,60.0,4,0,32,False
1320,-105.61673736572266,10.64409351348877,1,74.91999816894531,53.20998764038086,4,0,-86.48505401611328,9.999999747378752e-05,-1,24.0,60.0,4,0,32,False
1335,-89.7129898071289,-6.385908126831055,1,74.91999816894531,54.25998306274414,4,0,-95.31036376953125,-25.206565856933594,1,24.0,60.0,4,0,32,False
1350,-90.26569366455078,-14.26400089263916,1,74.91999816894531,55.30997848510742,4,0,-88.11048126220703,11.138103485107422,1,24.0,60.0,4,0,32,False
1365,-85.5656967163086,0.5439980030059814,1,74.91999816894531,56.3599739074707,4,0,-77.63731384277344,4.780120849609375,-1,30.440000534057617,60.0,4,0,32,False
1380,-67.61067962646484,6.171994686126709,1,74.91999816894531,57.409969329833984,4,0,-65.22538757324219,9.999999747378752e-05,-1,30.440000534057617,60.0,4,0,32,False
1395,-50.29786682128906,7.513991832733154,1,74.91999816894531,58.459964752197266,4,0,-61.64360427856445,7.020099639892578,-1,30.440000534057617,58.18000793457031,4,0,32,False
1410,-37.3547477722168,17.33399200439453,1,74.91999816894531,59.50996017456055,4,0,-55.51304244995117,7.535547256469727,1,41.47999954223633,59.230003356933594,4,0,32,False
1425,-36.63849639892578,20.063987731933594,1,74.91999816894531,60.0,4,0,-75.45883178710938,9.999999747378752e-05,1,41.47999954223633,60.0,4,0,32,False
1440,-54.99325942993164,5.88398551940918,1,74.91999816894531,60.0,4,0,-73.40204620361328,9.999999747378752e-05,1,41.47999954223633,59.60014343261719,4,0,32,False
1455,-56.49625778198242,9.999999747378752e-05,1,74.91999816894531,60.0,4,0,-74.842041015625,9.999999747378752e-05,1,41.47999954223633,51.76014709472656,4,0,32,False
1470,-54.85675811767578,7.04010009765625,1,74.91999816894531,60.0,4,0,-67.08378601074219,26.45009994506836,1,41.47999954223633,51.76014709472656,4,0,32,False
1485,-35.0887451171875,18.560096740722656,1,74.91999816894531,60.0,4,0,-58.68941116333008,7.250100612640381,1,41.47999954223633,52.810142517089844,4,0,32,False
1500,-28.51924705505371,13.69609260559082,1,74.91999816894531,60.0,4,0,-56.652408599853516,9.999999747378752e-05,1,41.47999954223633,53.860137939453125,4,0,32,False
1515,-37.952362060546875,9.999999747378752e-05,1,74.91999816894531,60.0,4,0,-56.652408599853516,9.999999747378752e-05,1,41.47999954223633,50.11001205444336,4,0,32,False
1530,-36.66136169433594,9.999999747378752e-05,1,74.91999816894531,60.0,4,0,-58.35041046142578,9.999999747378752e-05,1,41.47999954223633,41.85002136230469,4,0,32,False
1545,-36.19636154174805,9.999999747378752e-05,1,74.91999816894531,60.0,4,0,-57.72193908691406,1.6045610904693604,1,41.47999954223633,40.17002868652344,4,0,32,False
1560,-36.19636154174805,9.999999747378752e-05,1,74.91999816894531,60.0,4,0,-47.091556549072266,8.55537223815918,1,50.47999954223633,41.22002410888672,4,0,32,False
1575,-36.19636154174805,9.999999747378752e-05,1,74.91999816894531,60.0,4,0,-42.59003829956055,18.02444076538086,1,50.47999954223633,42.27001953125,4,0,32,False
1590,-36.19636154174805,8.030098915100098,1,74.91999816894531,60.0,4,0,-39.28797912597656,7.441356658935547,1,50.47999954223633,43.32001495361328,4,0,32,False
1605,-35.67173767089844,5.908098220825195,1,74.91999816894531,60.0,4,0,-49.90253448486328,25.54660987854004,1,62.47999954223633,44.37001037597656,4,0,32,False
1620,-33.02498245239258,9.999999747378752e-05,1,74.91999816894531,60.0,4,0,-60.22041320800781,22.914052963256836,1,62.47999954223633,45.420005798339844,4,0,32,False
1635,-46.40948486328125,8.030098915100098,1,74.91999816894531,60.0,4,0,-67.57198333740234,8.386507034301758,1,62.47999954223633,46.470001220703125,4,0,32,False
1650,-59.74074172973633,8.61009693145752,1,74.91999816894531,60.0,4,0,-87.19497680664062,15.912226676940918,1,73.04000091552734,47.519996643066406,4,0,32,False
1665,-74.46136474609375,9.999999747378752e-05,1,74.91999816894531,60.0,4,0,-112.76766204833984,0.2949032783508301,1,73.04000091552734,48.56999206542969,4,0,32,False
1680,-74.9807357788086,8.030098915100098,1,74.91999816894531,60.0,4,0,-130.22628784179688,-24.246475219726562,1,73.04000091552734,49.61998748779297,4,0,32,False
1695,-85.60572052001953,6.500095367431641,1,74.91999816894531,60.0,4,0,-148.68035888671875,11.750104904174805,1,73.04000091552734,50.66998291015625,4,0,32,False
1710,-90.26569366455078,-9.399999618530273,1,74.91999816894531,60.0,4,0,-156.61961364746094,18.624013900756836,1,73.04000091552734,51.71997833251953,4,0,32,False
1725,-90.26569366455078,-9.399999618530273,1,74.91999816894531,60.0,4,0,-157.68161010742188,18.084012985229492,1,73.04000091552734,52.76997375488281,4,0,32,False
1740,-90.50969696044922,-9.46399974822998,1,74.91999816894531,60.0,4,0,-157.68161010742188,14.484013557434082,1,73.04000091552734,53.819969177246094,4,0,32,False
1755,-105.40682220458984,6.787998199462891,1,74.91999816894531,60.0,4,0,-117.9815902709961,12.954014778137207,1,73.04000091552734,54.869964599609375,4,0,32,False
1770,-87.81657409667969,34.47911834716797,-1,88.91999816894531,60.0,4,0,-93.68157958984375,12.954014778137207,1,73.04000091552734,55.919960021972656,4,0,32,False
1785,-63.78839111328125,66.55323028564453,-1,88.91999816894531,60.0,4,0,-69.98155975341797,9.504015922546387,1,73.04000091552734,56.96995544433594,4,0,32,False
1800,-44.973941802978516,83.94112396240234,-1,88.91999816894531,60.0,4,0,-61.221553802490234,9.999999747378752e-05,1,73.04000091552734,58.01995086669922,4,0,32,False
1815,-31.37323570251465,91.10684967041016,-1,88.91999816894531,60.0,4,0,-36.68155288696289,28.980098724365234,1,73.04000091552734,59.0699462890625,4,0,32,False
1830,-15.01892375946045,111.18043518066406,-1,88.91999816894531,60.0,4,0,-28.184560775756836,67.62010955810547,1,73.04000091552734,60.0,4,0,32,False
1845,-27.315711975097656,124.93189239501953,-1,88.91999816894531,60.0,4,0,-18.430187225341797,47.630104064941406,1,73.04000091552734,60.0,4,0,32,False
1860,-42.212921142578125,106.965087890625,-1,88.91999816894531,60.0,4,0,-10.435310363769531,-3.3698997497558594,1,73.04000091552734,60.0,4,0,32,False
1875,-61.493553161621094,82.9651107788086,-1,88.91999816894531,60.0,4,0,-5.537810802459717,9.999999747378752e-05,-1,73.04000091552734,60.0,4,0,32,False
1890,-65.36004638671875,58.96513366699219,-1,88.91999816894531,60.0,4,0,-27.827957153320312,9.999999747378752e-05,-1,73.04000091552734,60.0,4,0,32,False
1905,-47.43634033203125,69.05113983154297,-1,88.91999816894531,60.0,4,0,-31.141162872314453,9.999999747378752e-05,1,73.04000091552734,60.0,4,0,32,False
1920,-46.13471221923828,66.9151382446289,-1,88.91999816894531,60.0,4,0,-7.092103958129883,9.999999747378752e-05,1,73.04000091552734,60.0,4,0,32,False
1935,-52.31283950805664,42.9151611328125,-1,88.91999816894531,60.0,4,0,4.790386199951172,9.999999747378752e-05,-1,73.04000091552734,60.0,4,0,32,False
1950,-40.01791000366211,32.75516891479492,-1,88.91999816894531,60.0,4,0,9.07615852355957,9.999999747378752e-05,1,73.04000091552734,60.0,4,0,32,False
1965,-46.37491989135742,40.675167083740234,-1,88.91999816894531,60.0,4,0,6.995196342468262,9.999999747378752e-05,-1,73.04000091552734,60.0,4,0,32,False
1980,-39.268802642822266,21.3311710357666,-1,88.91999816894531,60.0,4,0,-4.796196460723877,9.999999747378752e-05,1,73.04000091552734,60.0,4,0,32,False
1995,-19.198806762695312,9.999999747378752e-05,-1,88.91999816894531,60.0,4,0,15.285356521606445,9.999999747378752e-05,-1,73.04000091552734,60.0,4,0,32,False
2010,-12.73164176940918,9.999999747378752e-05,1,88.91999816894531,60.0,4,0,-8.777770042419434,10.45009994506836,-1,73.04000091552734,60.0,4,0,32,False
2025,-26.831884384155273,20.440834045410156,1,96.56999969482422,60.0,4,0,-22.697771072387695,9.999999747378752e-05,-1,73.04000091552734,60.0,4,0,32,False
2040,-48.61500549316406,32.37852478027344,1,96.56999969482422,60.0,4,0,-49.28652572631836,9.999999747378752e-05,-1,73.04000091552734,60.0,4,0,32,False
2055,-70.25697326660156,34.387351989746094,-1,101.56999969482422,60.0,4,0,-65.27465057373047,22.770099639892578,-1,73.04000091552734,60.0,4,0,32,False
2070,-96.58256530761719,84.13162994384766,1,113.4000015258789,60.0,4,0,-71.37615966796875,20.570098876953125,-1,73.04000091552734,60.0,4,0,32,False
2085,-132.505859375,154.29022216796875,1,113.4000015258789,60.0,4,0,-73.49990844726562,9.999999747378752e-05,-1,73.04000091552734,60.0,4,0,32,False
2100,-151.9197998046875,183.08248901367188,1,113.4000015258789,60.0,4,0,-49.72990417480469,9.999999747378752e-05,1,73.04000091552734,60.0,4,0,32,False
2115,-151.9197998046875,169.20950317382812,1,113.4000015258789,60.0,4,0,-38.509979248046875,9.999999747378752e-05,1,73.04000091552734,60.0,4,0,32,False
2130,-151.9197998046875,155.33651733398438,1,113.4000015258789,60.0,4,0,-14.439346313476562,10.45009994506836,1,73.04000091552734,60.0,4,0,32,False
2145,-151.9197998046875,141.46353149414062,1,113.4000015258789,60.0,4,0,5.316905975341797,9.999999747378752e-05,1,73.04000091552734,60.0,4,0,32,False
2160,-151.9197998046875,127.5905532836914,1,113.4000015258789,60.0,4,0,32.13395690917969,9.999999747378752e-05,1,73.04000091552734,60.0,4,0,32,False
2175,-151.9197998046875,113.71768188476562,1,113.4000015258789,60.0,4,0,37.6749382019043,9.999999747378752e-05,-1,73.04000091552734,60.0,4,0,32,False
2190,-151.9197998046875,99.84481048583984,1,113.4000015258789,60.0,4,0,17.443355560302734,0.25009965896606445,-1,73.04000091552734,60.0,4,0,32,False
2205,-151.9197998046875,85.97193908691406,1,113.4000015258789,60.0,4,0,-3.1498336791992188,9.999999747378752e-05,-1,73.04000091552734,60.0,4,0,32,False
2220,-151.9197998046875,72.09906768798828,1,113.4000015258789,60.0,4,0,-26.549837112426758,-3.149900436401367,-1,73.04000091552734,60.0,4,0,32,False
2235,-151.9197998046875,68.3996353149414,1,113.4000015258789,60.0,3,0,-45.78108215332031,9.999999747378752e-05,1,73.04000091552734,60.0,4,0,32,False
2250,-151.9197998046875,68.3996353149414,1,113.4000015258789,60.0,3,0,-55.153621673583984,9.999999747378752e-05,1,73.04000091552734,60.0,4,0,32,False
2265,-151.9197998046875,68.3996353149414,1,113.4000015258789,60.0,3,0,-45.0157356262207,9.999999747378752e-05,1,73.04000091552734,60.0,4,0,32,False
2280,-15.0,101.3499984741211,1,0.0,60.0,3,0,-21.664392471313477,0.25009965896606445,1,73.04000091552734,60.0,4,0,32,False
2295,-15.0,84.0999755859375,1,0.0,60.0,3,0,-0.8243951797485352,9.999999747378752e-05,1,73.04000091552734,60.0,4,0,32,False
2310,-15.0,66.84996032714844,1,0.0,60.0,3,0,17.742603302001953,-3.149900436401367,1,73.04000091552734,60.0,4,0,32,False
2325,-15.0,49.5999870300293,1,0.0,60.0,3,0,31.7606258392334,9.999999747378752e-05,-1,73.04000091552734,60.0,4,0,32,False
2340,-7.107124328613281,42.69599914550781,1,0.0,60.0,3,0,39.38496398925781,9.999999747378752e-05,-1,73.04000091552734,60.0,4,0,32,False
2355,9.10350227355957,27.660001754760742,1,0.0,60.0,3,0,27.357402801513672,9.999999747378752e-05,-1,73.04000091552734,60.0,4,0,32,False
2370,29.100370407104492,8.160006523132324,1,0.0,60.0,3,0,45.90869903564453,9.999999747378752e-05,1,73.04000091552734,60.0,4,0,32,False
2385,44.81974792480469,9.999999747378752e-05,1,0.0,60.0,3,0,70.69464111328125,9.999999747378752e-05,1,73.04000091552734,60.0,4,0,32,False
2400,59.0412483215332,11.520100593566895,1,0.0,60.0,3,0,48.57307052612305,26.45009994506836,-1,73.04000091552734,60.0,4,0,32,False
2415,47.78086471557617,19.200096130371094,1,0.0,60.0,3,0,28.173067092895508,4.080100059509277,-1,73.04000091552734,60.0,4,0,32,False
2430,27.817729949951172,12.480091094970703,1,0.0,60.0,3,0,5.4850664138793945,3.970099687576294,-1,73.04000091552734,60.0,4,0,32,False
2445,12.235858917236328,9.999999747378752e-05,1,0.0,60.0,3,0,-15.81718635559082,0.00010013580322265625,1,73.04000091552734,60.0,4,0,32,False
2460,11.403358459472656,1.600100040435791,1,0.0,60.0,3,0,-8.30549430847168,9.150099754333496,1,73.04000091552734,60.0,4,0,32,False
2475,28.655101776123047,17.92009925842285,1,0.0,60.0,3,0,9.483119010925293,9.999999747378752e-05,1,73.04000091552734,60.0,4,0,32,False
2490,27.139728546142578,17.216096878051758,1,0.0,60.0,3,0,15.1220121383667,9.999999747378752e-05,1,73.04000091552734,58.7357177734375,4,0,32,False
2505,11.022977828979492,9.999999747378752e-05,1,0.0,60.0,3,0,15.722012519836426,9.999999747378752e-05,1,73.04000091552734,54.535736083984375,4,0,32,False
2520,8.532977104187012,9.999999747378752e-05,1,0.0,60.0,3,0,17.562620162963867,-1.7199010848999023,1,73.04000091552734,53.1357421875,4,0,32,False
2535,8.532977104187012,9.999999747378752e-05,1,0.0,60.0,3,0,45.6766242980957,8.907508850097656,-1,85.04000091552734,54.18573760986328,4,0,32,False
2550,8.532977104187012,9.999999747378752e-05,1,0.0,60.0,3,0,82.56700897216797,-3.5694756507873535,-1,85.04000091552734,55.23573303222656,4,0,32,False
2565,19.28351402282715,9.999999747378752e-05,1,0.0,60.0,3,0,78.0895767211914,9.999999747378752e-05,-1,85.04000091552734,56.285728454589844,4,0,32,False
2580,33.554439544677734,9.999999747378752e-05,1,0.0,60.0,3,0,63.13001251220703,9.999999747378752e-05,-1,85.04000091552734,57.335723876953125,4,0,32,False
2595,48.404441833496094,8.030098915100098,1,0.0,60.0,3,0,62.547672271728516,9.999999747378752e-05,-1,85.04000091552734,49.775718688964844,4,0,32,False
2610,63.001949310302734,1.1080983877182007,1,0.0,60.0,3,0,65.0804214477539,9.999999747378752e-05,-1,85.04000091552734,48.655723571777344,4,0,32,False
2625,66.6840591430664,9.999999747378752e-05,1,0.0,60.0,3,0,60.57106018066406,23.000099182128906,-1,85.04000091552734,47.955726623535156,4,0,32,False
2640,79.38031005859375,4.610099792480469,1,0.0,60.0,3,0,52.49693298339844,26.450096130371094,-1,85.04000091552734,49.00572204589844,4,0,32,False
2655,68.1156997680664,8.840097427368164,1,0.0,60.0,3,0,56.608055114746094,9.999999747378752e-05,-1,85.04000091552734,50.05571746826172,4,0,32,False
2670,61.30070114135742,9.999999747378752e-05,1,0.0,60.0,3,0,42.68336486816406,16.752700805664062,1,97.04000091552734,51.105712890625,4,0,32,False
2685,61.11720275878906,9.999999747378752e-05,1,0.0,60.0,3,0,11.86221981048584,18.796875,1,97.04000091552734,52.15570831298828,4,0,32,False
2700,42.66039276123047,9.999999747378752e-05,1,0.0,60.0,3,0,-11.993844032287598,8.031639099121094,1,97.04000091552734,53.20570373535156,4,0,32,False
2715,28.860410690307617,9.999999747378752e-05,1,0.0,60.0,3,0,-37.34310531616211,9.999999747378752e-05,1,97.04000091552734,54.255699157714844,4,0,32,False
2730,18.36382484436035,4.608099937438965,1,0.0,60.0,3,0,-61.26493453979492,9.999999747378752e-05,1,97.04000091552734,55.305694580078125,4,0,32,False
2745,-1.7174261808395386,19.008098602294922,1,0.0,60.0,3,0,-68.97393035888672,9.999999747378752e-05,1,97.04000091552734,56.355690002441406,4,0,32,False
2760,-14.311301231384277,9.600095748901367,1,0.0,60.0,3,0,-49.8125114440918,9.999999747378752e-05,1,97.04000091552734,57.40568542480469,4,0,32,False
2775,-1.0010522603988647,9.999999747378752e-05,1,0.0,60.0,3,0,-27.23750877380371,9.999999747378752e-05,1,97.04000091552734,54.7468376159668,4,0,32,False
2790,13.068947792053223,15.808098793029785,1,0.0,60.0,3,0,-22.987506866455078,9.999999747378752e-05,1,97.04000091552734,50.54685592651367,4,0,32,False
2805,11.740700721740723,20.608097076416016,1,0.0,60.0,3,0,-22.987506866455078,9.999999747378752e-05,1,97.04000091552734,46.34687423706055,4,0,32,False
2820,-1.2780508995056152,5.696093559265137,1,0.0,60.0,3,0,-22.987506866455078,9.999999747378752e-05,1,97.04000091552734,34.7702751159668,4,0,32,False
2835,4.275571823120117,9.999999747378752e-05,1,0.0,60.0,3,0,-33.40074157714844,9.999999747378752e-05,1,97.04000091552734,34.7702751159668,4,0,32,False
2850,-4.03480339050293,9.856099128723145,1,0.0,60.0,3,0,-22.337631225585938,9.999999747378752e-05,1,97.04000091552734,34.58198928833008,4,0,32,False
2865,-17.43355369567871,18.4960994720459,1,0.0,60.0,3,0,-41.95985412597656,9.999999747378752e-05,1,107.95999908447266,35.63198471069336,4,0,32,False
2880,-37.24480056762695,19.456096649169922,1,0.0,60.0,3,0,-79.46436309814453,9.999999747378752e-05,1,107.95999908447266,36.68198013305664,4,0,32,False
2895,-57.15793991088867,6.060092926025391,1,0.0,60.0,3,0,-89.58100891113281,-13.70156192779541,1,107.95999908447266,37.73197555541992,4,0,32,False
2910,-64.76856994628906,9.999999747378752e-05,1,0.0,60.0,3,0,-87.4856948852539,-12.960000038146973,1,107.95999908447266,38.7819709777832,4,0,32,False
2925,-47.922935485839844,14.976099014282227,1,0.0,60.0,3,0,-87.4856948852539,-12.344099998474121,1,107.95999908447266,39.831966400146484,4,0,32,False
2940,-44.758056640625,20.73609733581543,1,0.0,60.0,3,0,-87.4856948852539,-8.84757137298584,1,107.95999908447266,40.881961822509766,4,0,32,False
2955,-62.744163513183594,12.096094131469727,1,0.0,60.0,3,0,-84.19351196289062,9.999999747378752e-05,1,107.95999908447266,41.93195724487305,4,0,32,False
2970,-52.790992736816406,25.74851417541504,-1,8.0,60.0,3,0,-81.10982513427734,9.999999747378752e-05,1,107.95999908447266,42.98195266723633,4,0,32,False
2985,-32.903377532958984,34.184085845947266,-1,8.0,60.0,3,0,-82.93085479736328,9.999999747378752e-05,1,107.95999908447266,40.18196487426758,4,0,32,False
3000,-20.302169799804688,30.014904022216797,-1,8.0,60.0,3,0,-66.51801300048828,9.999999747378752e-05,1,107.95999908447266,40.881961822509766,4,0,32,False
3015,-15.227996826171875,16.980968475341797,-1,8.0,60.0,3,0,-41.441524505615234,24.840099334716797,1,107.95999908447266,41.93195724487305,4,0,32,False
3030,-18.6390438079834,20.406646728515625,-1,15.739999771118164,60.0,3,0,-25.821523666381836,29.900096893310547,1,107.95999908447266,42.98195266723633,4,0,32,False
3045,-13.500224113464355,15.945466041564941,-1,15.739999771118164,60.0,3,0,-11.05401611328125,-3.459904909133911,1,107.95999908447266,44.03194808959961,4,0,32,False
3060,-13.428109169006348,26.45758056640625,-1,15.739999771118164,60.0,3,0,-6.821508407592773,9.999999747378752e-05,1,107.95999908447266,45.08194351196289,4,0,32,False
3075,-13.428109169006348,31.107576370239258,-1,15.739999771118164,60.0,3,0,-6.821508407592773,9.999999747378752e-05,1,107.95999908447266,46.13193893432617,4,0,32,False
3090,-6.963484287261963,13.305572509765625,-1,15.739999771118164,60.0,3,0,-6.821508407592773,9.999999747378752e-05,-1,116.95999908447266,47.18193435668945,4,0,32,False
3105,8.465890884399414,9.999999747378752e-05,-1,15.739999771118164,60.0,3,0,15.23716926574707,11.58353328704834,-1,116.95999908447266,48.231929779052734,4,0,32,False
3120,22.85163688659668,13.120099067687988,-1,15.739999771118164,60.0,3,0,34.256412506103516,-5.101144313812256,-1,116.95999908447266,49.281925201416016,4,0,32,False
3135,42.848514556884766,20.800098419189453,-1,15.739999771118164,60.0,3,0,25.438838958740234,9.999999747378752e-05,-1,116.95999908447266,50.3319206237793,4,0,32,False
3150,44.70151901245117,13.376093864440918,-1,15.739999771118164,60.0,3,0,4.121257781982422,9.999999747378752e-05,-1,116.95999908447266,51.38191604614258,4,0,32,False
3165,32.915767669677734,20.90209197998047,-1,15.739999771118164,60.0,3,0,3.5389175415039062,9.999999747378752e-05,-1,116.95999908447266,52.25019836425781,4,0,32,False
3180,18.568899154663086,27.412090301513672,-1,15.739999771118164,60.0,3,0,11.172542572021484,7.350099086761475,-1,116.95999908447266,53.300193786621094,4,0,32,False
3195,-0.040476083755493164,7.786085605621338,-1,15.739999771118164,60.0,3,0,18.936538696289062,9.999999747378752e-05,-1,116.95999908447266,54.350189208984375,4,0,32,False
3210,-13.780475616455078,9.999999747378752e-05,-1,15.739999771118164,60.0,3,0,18.936538696289062,9.999999747378752e-05,-1,116.95999908447266,55.400184631347656,4,0,32,False
3225,0.0784003734588623,14.976099014282227,-1,15.739999771118164,60.0,3,0,18.936538696289062,9.999999747378752e-05,-1,116.95999908447266,46.64047622680664,4,0,32,False
3240,-4.313600540161133,20.736099243164062,-1,15.739999771118164,60.0,3,0,22.35654067993164,9.999999747378752e-05,-1,116.95999908447266,45.94047927856445,4,0,32,False
3255,-12.442525863647461,15.368095397949219,-1,15.739999771118164,60.0,3,0,2.9261980056762695,9.999999747378752e-05,-1,116.95999908447266,46.990474700927734,4,0,32,False
3270,-11.235774993896484,28.598094940185547,-1,15.739999771118164,60.0,3,0,-21.606304168701172,10.020099639892578,-1,116.95999908447266,48.040470123291016,4,0,32,False
3285,-30.93264389038086,25.21609115600586,-1,15.739999771118164,60.0,3,0,-39.72631072998047,9.999999747378752e-05,-1,116.95999908447266,49.0904655456543,4,0,32,False
3300,-40.227020263671875,10.81608772277832,-1,15.739999771118164,60.0,3,0,-53.004859924316406,9.999999747378752e-05,-1,116.95999908447266,39.436832427978516,4,0,32,False
3315,-51.872013092041016,9.999999747378752e-05,-1,15.739999771118164,60.0,3,0,-64.58363342285156,9.999999747378752e-05,-1,116.95999908447266,39.57683181762695,4,0,32,False
3330,-52.79763412475586,9.999999747378752e-05,-1,15.739999771118164,60.0,3,0,-43.47114181518555,9.999999747378752e-05,-1,116.95999908447266,40.626827239990234,4,0,32,False
3345,-52.79763412475586,9.999999747378752e-05,-1,15.739999771118164,60.0,3,0,-30.983654022216797,9.999999747378752e-05,-1,116.95999908447266,41.676822662353516,4,0,32,False
3360,-52.79763412475586,9.999999747378752e-05,-1,15.739999771118164,60.0,3,0,-30.983654022216797,9.999999747378752e-05,-1,116.95999908447266,42.18696212768555,4,0,32,False
3375,-52.79763412475586,9.999999747378752e-05,-1,15.739999771118164,60.0,3,0,-30.983654022216797,9.999999747378752e-05,-1,116.95999908447266,43.23695755004883,4,0,32,False
3390,-41.543800354003906,9.999999747378752e-05,1,15.739999771118164,60.0,3,0,-30.983654022216797,20.930099487304688,-1,116.95999908447266,42.886959075927734,4,0,32,False
3405,-33.66990661621094,9.999999747378752e-05,1,15.739999771118164,60.0,3,0,-35.553401947021484,20.390098571777344,-1,116.95999908447266,43.936954498291016,4,0,32,False
3420,-26.95768928527832,9.999999747378752e-05,1,15.739999771118164,60.0,3,0,-39.15989685058594,9.999999747378752e-05,-1,116.95999908447266,44.9869499206543,4,0,32,False
3435,-32.63457489013672,9.999999747378752e-05,-1,27.739999771118164,60.0,3,0,-39.15989685058594,9.999999747378752e-05,-1,116.95999908447266,46.03694534301758,4,0,32,False
3450,-41.809326171875,9.999999747378752e-05,-1,27.739999771118164,60.0,3,0,-39.459896087646484,9.999999747378752e-05,-1,116.95999908447266,47.08694076538086,4,0,32,False
3465,-44.65568161010742,9.999999747378752e-05,1,38.65999984741211,60.0,3,0,-37.6599006652832,9.999999747378752e-05,-1,116.95999908447266,48.13693618774414,4,0,32,False
3480,-44.276668548583984,34.77355194091797,1,38.65999984741211,60.0,3,0,-37.6599006652832,9.999999747378752e-05,-1,116.95999908447266,49.18693161010742,4,0,32,False
3495,-41.835567474365234,47.02738952636719,1,38.65999984741211,60.0,3,0,-47.793399810791016,25.714099884033203,-1,116.95999908447266,50.2369270324707,4,0,32,False
3510,-28.70993423461914,51.58091735839844,-1,53.65999984741211,60.0,3,0,-43.52927017211914,45.40210723876953,-1,116.95999908447266,51.286922454833984,4,0,32,False
3525,0.27290046215057373,63.21147918701172,-1,53.65999984741211,60.0,3,0,-33.98064422607422,26.57010269165039,-1,116.95999908447266,52.336917877197266,4,0,32,False
3540,19.998653411865234,58.41303634643555,-1,53.65999984741211,60.0,3,0,-28.369888305664062,9.999999747378752e-05,-1,116.95999908447266,53.38691329956055,4,0,32,False
3555,34.34294891357422,45.381587982177734,-1,53.65999984741211,60.0,3,0,-20.13739013671875,35.19010543823242,1,116.95999908447266,54.43690872192383,4,0,32,False
3570,27.143985748291016,51.707828521728516,-1,56.65999984741211,60.0,3,0,-20.01239013671875,27.900108337402344,1,116.95999908447266,55.48690414428711,4,0,32,False
3585,7.1302385330200195,59.177825927734375,-1,56.65999984741211,60.0,3,0,-20.01239013671875,9.999999747378752e-05,1,116.95999908447266,56.53689956665039,4,0,32,False
3600,-7.563015460968018,36.76384735107422,-1,56.65999984741211,60.0,3,0,-39.30739212036133,9.150099754333496,1,116.95999908447266,57.58689498901367,4,0,32,False
3615,-27.813020706176758,12.763845443725586,-1,59.38999938964844,60.0,3,0,-59.90614700317383,9.999999747378752e-05,1,116.95999908447266,58.63689041137695,4,0,32,False
3630,-42.370521545410156,9.999999747378752e-05,-1,59.38999938964844,59.160003662109375,3,0,-62.35215377807617,2.100099802017212,1,116.95999908447266,59.686885833740234,4,0,32,False
3645,-42.679901123046875,9.999999747378752e-05,-1,59.38999938964844,50.480018615722656,3,0,-45.86840057373047,10.020099639892578,1,116.95999908447266,60.0,4,0,32,False
3660,-41.99589538574219,9.999999747378752e-05,-1,59.38999938964844,48.310028076171875,3,0,-33.2593994140625,9.999999747378752e-05,1,116.95999908447266,60.0,4,0,32,False
3675,-62.21919250488281,9.999999747378752e-05,1,64.38999938964844,49.360023498535156,3,0,-33.9943962097168,3.970099687576294,1,116.95999908447266,60.0,4,0,32,False
3690,-90.76202392578125,-0.3839000463485718,1,64.38999938964844,50.41001892089844,3,0,-45.37502670288086,0.00010013580322265625,1,116.95999908447266,60.0,4,1,32,False
3705,-90.26569366455078,-9.399999618530273,1,64.38999938964844,51.46001434326172,3,0,-51.954689025878906,9.999999747378752e-05,1,116.95999908447266,60.0,4,0,32,False
3720,-95.14903259277344,-0.026000618934631348,-1,64.38999938964844,52.510009765625,3,0,-68.4277572631836,10.35010051727295,1,116.95999908447266,60.0,4,0,32,False
3735,-85.2392807006836,10.323997497558594,-1,64.38999938964844,53.56000518798828,3,0,-79.72346496582031,31.050098419189453,1,116.95999908447266,60.0,4,0,32,False
3750,-103.98920440673828,-0.14325129985809326,1,72.8499984741211,54.61000061035156,3,0,-84.24999237060547,1.7800989151000977,1,116.95999908447266,60.0,4,0,32,False
3765,-131.69737243652344,5.930785179138184,1,72.8499984741211,55.659996032714844,3,0,-84.83019256591797,9.999999747378752e-05,1,116.95999908447266,60.0,4,0,32,False
3780,-149.41783142089844,-3.2930588722229004,1,72.8499984741211,56.709991455078125,3,0,-91.56793975830078,-11.579900741577148,-1,116.95999908447266,60.0,4,0,32,False
3795,-144.35330200195312,0.019217610359191895,1,72.8499984741211,57.759986877441406,3,0,-92.08106231689453,-10.317898750305176,1,116.95999908447266,60.0,4,0,32,False
3810,-124.73163604736328,9.681487083435059,1,72.8499984741211,58.80998229980469,3,0,-88.6078872680664,-14.0259370803833,1,116.95999908447266,60.0,4,0,32,False
3825,-106.18377685546875,4.7314839363098145,1,72.8499984741211,59.85997772216797,3,0,-87.59895324707031,-38.43000030517578,1,116.95999908447266,60.0,4,0,32,False
3840,-111.73389434814453,-7.696518898010254,1,85.75,60.0,3,0,-89.23986053466797,-14.03799819946289,1,116.95999908447266,60.0,4,0,32,False
3855,-141.6636505126953,26.675926208496094,1,85.75,60.0,3,0,-83.02851867675781,1.5100035667419434,1,116.95999908447266,60.0,4,0,32,False
3870,-172.33200073242188,46.70243453979492,1,85.75,60.0,3,0,-73.34065246582031,9.999999747378752e-05,1,116.95999908447266,60.0,4,0,32,False
3885,-195.7984619140625,56.31137466430664,1,85.75,60.0,3,0,-65.96499633789062,33.07410430908203,-1,116.95999908447266,60.0,4,0,32,False
3900,-211.2263946533203,56.98676681518555,1,85.75,60.0,3,0,-69.06812286376953,40.66410827636719,-1,116.95999908447266,60.0,4,0,32,False
3915,-203.09780883789062,56.65459060668945,1,87.52999877929688,60.0,3,0,-69.14875030517578,4.096114158630371,-1,116.95999908447266,60.0,4,0,32,False
3930,-191.69984436035156,70.71080780029297,1,88.52999877929688,60.0,3,0,-73.30874633789062,9.999999747378752e-05,-1,116.95999908447266,60.0,4,0,32,False
3945,-174.64141845703125,75.75751495361328,1,88.52999877929688,60.0,3,0,-93.89875793457031,20.903432846069336,1,116.95999908447266,60.0,4,0,32,False
3960,-168.267822265625,77.6152572631836,1,88.52999877929688,60.0,3,0,-88.2719955444336,58.524105072021484,1,116.95999908447266,60.0,4,0,32,False
3975,-151.1250762939453,71.7895278930664,1,88.52999877929688,60.0,3,0,-88.4936294555664,33.25609588623047,1,116.95999908447266,60.0,4,0,32,False
3990,-133.01817321777344,61.39693069458008,1,88.52999877929688,60.0,3,0,-89.58100891113281,-13.70156192779541,1,116.95999908447266,60.0,4,0,32,False
4005,-120.86262512207031,65.82119750976562,1,88.52999877929688,60.0,3,0,-87.5987548828125,-17.24399757385254,1,116.95999908447266,60.0,4,0,32,False
4020,-112.04987335205078,65.85118103027344,1,88.52999877929688,60.0,3,0,-87.5656967163086,-13.287997245788574,1,116.95999908447266,60.0,4,0,32,False
4035,-93.84548950195312,43.076072692871094,1,88.52999877929688,60.0,3,0,-87.4856948852539,-14.399999618530273,1,116.95999908447266,60.0,4,0,32,False
4050,-75.97423553466797,19.076078414916992,1,88.52999877929688,60.0,3,0,-86.38651275634766,-2.1767284870147705,1,116.95999908447266,60.0,4,0,32,False
4065,-57.124881744384766,9.999999747378752e-05,1,88.52999877929688,60.0,3,0,-76.08308410644531,28.170303344726562,1,116.95999908447266,60.0,4,0,32,False
4080,-54.84113311767578,9.999999747378752e-05,1,88.52999877929688,59.86000061035156,3,0,-63.690582275390625,29.52029800415039,1,116.95999908447266,60.0,4,0,32,False
4095,-43.03837966918945,12.480100631713867,1,88.52999877929688,60.0,3,0,-54.66096115112305,19.13829803466797,1,127.16000366210938,60.0,4,0,32,False
4110,-30.233747482299805,19.136096954345703,1,88.52999877929688,60.0,3,0,-80.66812133789062,54.92019271850586,1,127.16000366210938,60.0,4,0,32,False
4125,-45.29524612426758,2.8160934448242188,1,88.52999877929688,60.0,3,0,-108.30718994140625,66.33257293701172,1,127.16000366210938,60.0,4,0,32,False
4140,-57.91233825683594,9.999999747378752e-05,1,88.52999877929688,60.0,3,0,-130.6725616455078,67.55352783203125,1,127.16000366210938,60.0,4,0,32,False
4155,-71.57427978515625,9.999999747378752e-05,1,88.52999877929688,60.0,3,0,-147.76426696777344,58.583160400390625,1,127.16000366210938,60.0,4,0,32,False
4170,-87.53047943115234,-0.3839000165462494,1,88.52999877929688,60.0,3,0,-157.6202850341797,37.62141418457031,1,127.16000366210938,60.0,4,0,32,False
4185,-90.26569366455078,-9.399999618530273,1,88.52999877929688,60.0,3,0,-156.40269470214844,-0.7317085266113281,1,127.16000366210938,60.0,4,0,32,False
4200,-91.96463012695312,-4.5060014724731445,1,88.52999877929688,60.0,3,0,-149.41075134277344,-48.934513092041016,1,127.16000366210938,60.0,4,0,32,False
4215,-91.96463012695312,5.843996047973633,1,88.52999877929688,60.0,3,0,-144.62339782714844,-65.93451690673828,1,127.16000366210938,60.0,4,0,32,False
4230,-90.70630645751953,-8.903679847717285,1,88.52999877929688,60.0,3,0,-144.13059997558594,-66.75951385498047,1,127.16000366210938,60.0,4,0,32,False
4245,-90.26569366455078,-9.399999618530273,1,88.52999877929688,60.0,3,0,-144.13059997558594,-70.80951690673828,1,127.16000366210938,60.0,4,0,32,False
4260,-91.13099670410156,-1.282098650932312,1,88.52999877929688,60.0,3,0,-129.12913513183594,-28.33101463317871,1,127.16000366210938,60.0,4,0,32,False
4275,-83.50273895263672,9.999999747378752e-05,1,88.52999877929688,60.0,3,0,-118.32019805908203,2.8485817909240723,1,127.16000366210938,60.0,4,0,32,False
4290,-61.54787063598633,9.999999747378752e-05,1,88.52999877929688,60.0,3,0,-107.90409088134766,0.4373723268508911,1,127.16000366210938,60.0,4,0,32,False
4305,-47.18800354003906,9.999999747378752e-05,1,88.52999877929688,60.0,3,0,-95.60970306396484,-39.70947265625,1,127.16000366210938,60.0,4,0,32,False
4320,-46.73912811279297,5.558099269866943,1,88.52999877929688,60.0,3,0,-83.31531524658203,-81.70948791503906,1,127.16000366210938,60.0,4,0,32,False
4335,-35.859622955322266,6.908096790313721,1,88.52999877929688,60.0,3,0,-72.5809326171875,-123.70953369140625,1,127.16000366210938,60.0,4,0,32,False
4350,-19.1978759765625,11.498093605041504,1,88.52999877929688,60.0,3,0,-69.52318572998047,-140.50955200195312,1,127.16000366210938,60.0,3,0,32,False
4365,-20.57837677001953,21.84809112548828,1,88.52999877929688,60.0,3,0,-69.52318572998047,-140.50955200195312,1,127.16000366210938,60.0,3,0,32,False
4380,-15.548629760742188,7.55608606338501,1,88.52999877929688,60.0,3,0,-69.52318572998047,-140.50955200195312,1,127.16000366210938,60.0,3,0,32,False
4395,-24.225879669189453,1.0500999689102173,1,88.52999877929688,60.0,3,0,-69.52318572998047,-140.50955200195312,1,127.16000366210938,60.0,3,0,32,False
4410,-27.553756713867188,9.120098114013672,1,88.52999877929688,60.0,3,0,16.0,102.5,-1,0.0,60.0,3,0,32,False
4425,-31.23325538635254,2.7900938987731934,1,88.52999877929688,60.0,3,0,16.0,85.2499771118164,-1,0.0,60.0,3,0,32,False
4440,-24.596803665161133,18.2360897064209,1,88.52999877929688,60.0,3,0,16.0,67.99995422363281,-1,0.0,60.0,3,0,32,False
4455,-17.576679229736328,19.01408576965332,1,88.52999877929688,60.0,3,0,16.0,50.74998474121094,-1,0.0,60.0,3,0,32,False
4470,-30.41404914855957,9.999999747378752e-05,1,88.52999877929688,60.0,3,0,16.0,32.350006103515625,-1,0.0,60.0,3,0,32,False
4485,-46.59843826293945,9.999999747378752e-05,1,88.52999877929688,60.0,3,0,16.0,9.999999747378752e-05,-1,0.0,60.0,3,0,32,False
4500,-53.930885314941406,6.01609992980957,1,88.52999877929688,60.0,3,0,0.58500075340271,8.20009994506836,-1,0.0,60.0,3,0,32,False
4515,-65.04026794433594,19.456098556518555,1,88.52999877929688,60.0,3,0,-20.715002059936523,9.999999747378752e-05,-1,0.0,60.0,3,0,32,False
4530,-55.991302490234375,27.706096649169922,1,88.52999877929688,60.0,3,0,-46.991275787353516,9.999999747378752e-05,-1,0.0,60.0,3,0,32,False
4545,-35.99441146850586,39.97609329223633,1,88.52999877929688,60.0,3,0,-59.756778717041016,9.999999747378752e-05,-1,0.0,60.0,3,0,32,False
4560,-19.257556915283203,32.64010238647461,1,88.52999877929688,60.0,3,0,-53.95305252075195,9.999999747378752e-05,1,0.0,60.0,3,0,32,False
4575,-18.898130416870117,46.890098571777344,1,88.52999877929688,60.0,3,0,-31.633909225463867,9.999999747378752e-05,1,0.0,60.0,3,0,32,False
4590,-35.959381103515625,37.4021110534668,1,88.52999877929688,60.0,3,0,-23.298728942871094,9.999999747378752e-05,1,0.0,60.0,3,0,32,False
4605,-52.911258697509766,13.402111053466797,1,88.52999877929688,60.0,3,0,-3.351844549179077,9.999999747378752e-05,1,0.0,60.0,3,0,32,False
4620,-52.70938491821289,23.488109588623047,1,88.52999877929688,60.0,3,0,7.2966461181640625,9.999999747378752e-05,-1,0.0,60.0,3,0,32,False
4635,-37.46876525878906,22.758106231689453,1,88.52999877929688,60.0,3,0,18.087318420410156,16.100099563598633,-1,0.0,60.0,3,0,32,False
4650,-44.05689239501953,0.00010001659393310547,1,88.52999877929688,60.0,3,0,18.53267478942871,21.680099487304688,-1,0.0,60.0,3,0,32,False
4665,-59.45939636230469,9.999999747378752e-05,1,88.52999877929688,60.0,3,0,18.53267478942871,9.999999747378752e-05,-1,0.0,60.0,3,0,32,False
4680,-58.95232391357422,9.999999747378752e-05,1,88.52999877929688,60.0,3,0,-9.237324714660645,20.930099487304688,-1,0.0,60.0,3,0,32,False
4695,-42.89586639404297,9.999999747378752e-05,1,88.52999877929688,60.0,3,0,-30.537330627441406,14.280099868774414,-1,0.0,60.0,3,0,32,False
4710,-52.15530014038086,11.054182052612305,1,97.52999877929688,60.0,3,0,-41.63733673095703,9.999999747378752e-05,-1,0.0,60.0,3,0,32,False
4725,-79.55569458007812,25.974695205688477,1,97.52999877929688,60.0,3,0,-45.63734436035156,3.970099687576294,-1,0.0,60.0,3,0,32,False
4740,-98.97653198242188,26.544876098632812,1,97.52999877929688,60.0,3,0,-45.63734436035156,4.420098304748535,-1,0.0,60.0,3,0,32,False
4755,-102.4720687866211,18.868709564208984,1,97.52999877929688,60.0,3,0,-45.63734436035156,9.999999747378752e-05,-1,0.0,60.0,3,0,32,False
4770,-88.02760314941406,31.19024085998535,1,97.52999877929688,60.0,3,0,-64.4250717163086,9.999999747378752e-05,-1,0.0,60.0,3,0,32,False
4785,-93.17635345458984,37.70023727416992,1,97.52999877929688,60.0,3,0,-47.38949203491211,9.999999747378752e-05,1,0.0,60.0,3,0,32,False
4800,-91.47111511230469,13.700237274169922,1,97.52999877929688,60.0,3,0,-57.31529235839844,9.999999747378752e-05,-1,0.0,60.0,3,0,32,False
4815,-79.55947875976562,20.566234588623047,1,97.52999877929688,60.0,3,0,-45.690093994140625,9.999999747378752e-05,-1,0.0,60.0,3,0,32,False
4830,-68.95447540283203,26.176233291625977,1,97.52999877929688,60.0,3,0,-45.28594970703125,30.590099334716797,-1,0.0,60.0,3,0,32,False
4845,-72.97893524169922,18.228097915649414,1,105.72000122070312,60.0,3,0,-42.816036224365234,11.364492416381836,-1,8.279999732971191,60.0,3,0,32,False
4860,-112.47491455078125,29.74108123779297,1,105.72000122070312,60.0,3,0,-45.03877639770508,9.999999747378752e-05,-1,8.279999732971191,60.0,3,0,32,False
4875,-141.9540557861328,26.819992065429688,1,105.72000122070312,60.0,3,0,-71.46627807617188,9.999999747378752e-05,-1,8.279999732971191,60.0,3,0,32,False
4890,-160.57635498046875,18.196828842163086,1,105.72000122070312,60.0,3,0,-59.74996566772461,9.999999747378752e-05,-1,8.279999732971191,60.0,3,0,32,False
4905,-152.69195556640625,30.221574783325195,1,105.72000122070312,60.0,3,0,-70.41187286376953,9.999999747378752e-05,-1,8.279999732971191,60.0,3,0,32,False
4920,-133.67489624023438,34.57919692993164,1,105.72000122070312,60.0,3,0,-93.81187438964844,5.070099353790283,-1,8.279999732971191,60.0,3,0,32,False
4935,-115.7011947631836,33.02119445800781,1,105.72000122070312,60.0,3,0,-102.04936981201172,3.354100227355957,1,8.279999732971191,60.0,3,0,32,False
4950,-114.19481658935547,41.90119552612305,1,105.72000122070312,60.0,3,0,-94.16438293457031,28.19410514831543,1,8.279999732971191,60.0,3,0,32,False
4965,-111.21807861328125,27.021198272705078,1,105.72000122070312,60.0,3,0,-83.03076934814453,2.4061062335968018,1,8.279999732971191,60.0,3,0,32,False
4980,-97.39746856689453,3.0211944580078125,1,105.72000122070312,60.0,3,0,-69.69763946533203,9.999999747378752e-05,1,8.279999732971191,60.0,3,0,32,False
4995,-90.26569366455078,-9.46399974822998,1,105.72000122070312,60.0,3,0,-48.64653396606445,9.999999747378752e-05,1,8.279999732971191,60.0,3,0,32,False
5010,-83.63875579833984,5.31599760055542,1,105.72000122070312,60.0,3,0,-39.02412033081055,9.999999747378752e-05,1,8.279999732971191,60.0,3,0,32,False
5025,-66.07490539550781,6.093995094299316,1,105.72000122070312,60.0,3,0,-51.3084831237793,9.999999747378752e-05,1,8.279999732971191,60.0,3,0,32,False
5040,-63.82166290283203,9.999999747378752e-05,1,105.72000122070312,59.720001220703125,3,0,-28.406299591064453,9.999999747378752e-05,1,8.279999732971191,60.0,3,0,32,False
5055,-63.82166290283203,9.999999747378752e-05,1,105.72000122070312,55.52001953125,3,0,-50.676612854003906,10.650099754333496,-1,8.279999732971191,60.0,3,0,32,False
5070,-65.95166015625,9.999999747378752e-05,1,105.72000122070312,47.82002639770508,3,0,-64.41661834716797,9.999999747378752e-05,-1,8.279999732971191,60.0,3,0,32,False
5085,-64.61365509033203,9.999999747378752e-05,1,105.72000122070312,42.64003372192383,3,0,-74.19661712646484,9.999999747378752e-05,-1,8.279999732971191,60.0,3,0,32,False
5100,-64.55365753173828,9.999999747378752e-05,1,105.72000122070312,39.77004623413086,3,0,-74.95381927490234,6.6200995445251465,-1,8.279999732971191,60.0,3,0,32,False
5115,-44.42578887939453,21.065950393676758,-1,120.72000122070312,40.82004165649414,3,0,-74.95381927490234,9.999999747378752e-05,-1,8.279999732971191,60.0,3,0,32,False
5130,11.12807559967041,62.015079498291016,-1,120.72000122070312,41.87003707885742,3,0,-57.92256546020508,9.999999747378752e-05,1,8.279999732971191,60.0,3,0,32,False
5145,58.47914505004883,88.8358383178711,-1,120.72000122070312,42.9200325012207,3,0,-37.47487258911133,9.999999747378752e-05,1,8.279999732971191,60.0,3,0,32,False
5160,97.62744140625,107.63227081298828,-1,120.72000122070312,43.970027923583984,3,0,-31.905502319335938,3.6800999641418457,1,8.279999732971191,60.0,3,0,32,False
5175,128.57293701171875,118.4043960571289,-1,120.72000122070312,45.020023345947266,3,0,-10.077892303466797,9.999999747378752e-05,1,8.279999732971191,60.0,3,0,32,False
5190,148.5269012451172,121.15220642089844,-1,120.72000122070312,46.07001876831055,3,0,-5.806678771972656,9.999999747378752e-05,1,8.279999732971191,60.0,3,0,32,False
5205,144.8286590576172,115.8757095336914,-1,120.72000122070312,47.12001419067383,3,0,13.832273483276367,9.999999747378752e-05,-1,8.279999732971191,60.0,3,0,32,False
5220,131.16883850097656,102.57489776611328,-1,121.72000122070312,48.17000961303711,3,0,22.58367919921875,17.526100158691406,1,8.279999732971191,60.0,3,0,32,False
5235,112.6146240234375,79.1728286743164,-1,121.72000122070312,49.22000503540039,3,0,22.58367919921875,52.716102600097656,1,8.279999732971191,60.0,3,0,32,False
5250,92.61779022216797,55.1728515625,-1,124.72000122070312,50.27000045776367,3,0,22.58367919921875,36.156105041503906,1,8.279999732971191,60.0,3,0,32,False
5265,87.06723022460938,49.32886505126953,1,127.45000457763672,51.31999588012695,3,0,22.58367919921875,0.00010013580322265625,1,8.279999732971191,60.0,3,0,32,False
5280,80.14797973632812,60.63886260986328,1,127.45000457763672,52.369991302490234,3,0,9.660929679870605,3.970099687576294,-1,8.279999732971191,60.0,3,0,32,False
5295,86.7623519897461,45.20887756347656,1,127.45000457763672,53.419986724853516,3,0,-11.485323905944824,0.00010013580322265625,1,8.279999732971191,60.0,3,0,32,False
5310,68.28462219238281,21.208887100219727,1,127.45000457763672,54.4699821472168,3,0,-19.444259643554688,24.840099334716797,1,8.279999732971191,60.0,3,0,32,False
5325,48.78276443481445,9.999999747378752e-05,1,127.45000457763672,55.51997756958008,3,0,-19.895706176757812,9.880099296569824,1,8.279999732971191,60.0,3,0,32,False
5340,35.33526611328125,6.608099460601807,1,129.94000244140625,56.56997299194336,3,0,-15.739457130432129,9.999999747378752e-05,1,8.279999732971191,60.0,3,0,32,False
5355,15.838396072387695,4.040097713470459,1,129.94000244140625,57.61996841430664,3,0,8.793045043945312,28.980098724365234,1,8.279999732971191,60.0,3,0,32,False
5370,6.737393856048584,2.958099842071533,1,129.94000244140625,58.66996383666992,3,0,28.49180030822754,-2.719900131225586,1,8.279999732971191,60.0,3,0,32,False
5385,-13.394481658935547,9.108098030090332,1,129.94000244140625,59.7199592590332,3,0,36.041805267333984,9.999999747378752e-05,1,8.279999732971191,60.0,3,0,32,False
5400,-28.081357955932617,9.999999747378752e-05,1,129.94000244140625,60.0,3,0,31.943683624267578,9.999999747378752e-05,-1,8.279999732971191,60.0,3,0,32,False
5415,-42.069908142089844,9.999999747378752e-05,1,129.94000244140625,60.0,3,0,1.6386823654174805,7.130100250244141,-1,8.279999732971191,60.0,3,0,32,False
5430,-45.55513381958008,5.340099811553955,1,129.94000244140625,60.0,3,0,-21.161319732666016,31.28009796142578,-1,8.279999732971191,60.0,3,0,32,False
5445,-31.050636291503906,8.61009693145752,1,129.94000244140625,60.0,3,0,-38.015201568603516,37.26009750366211,-1,8.279999732971191,60.0,3,0,32,False
5460,-12.548137664794922,9.999999747378752e-05,1,129.94000244140625,60.0,3,0,-49.88908386230469,58.65010070800781,-1,8.279999732971191,60.0,3,0,32,False
5475,1.551524043083191,9.999999747378752e-05,1,129.94000244140625,60.0,3,0,-56.69882583618164,13.39208984375,-1,8.279999732971191,60.0,3,0,32,False
5490,7.588799953460693,2.036099910736084,1,129.94000244140625,60.0,3,0,-70.033203125,9.999999747378752e-05,-1,8.279999732971191,60.0,3,0,32,False
5505,-6.854326248168945,9.146098136901855,1,129.94000244140625,60.0,3,0,-53.32695770263672,9.999999747378752e-05,1,8.279999732971191,60.0,3,0,32,False
5520,8.470049858093262,9.999999747378752e-05,1,129.94000244140625,60.0,3,0,-20.73944854736328,9.999999747378752e-05,1,8.279999732971191,60.0,3,0,32,False
5535,22.043594360351562,12.096098899841309,1,129.94000244140625,60.0,3,0,3.6958534717559814,9.999999747378752e-05,1,8.279999732971191,60.0,3,0,32,False
5550,56.634193420410156,72.31477355957031,-1,147.94000244140625,60.0,3,0,8.267555236816406,9.999999747378752e-05,1,8.279999732971191,60.0,3,0,32,False
5565,120.58523559570312,183.45050048828125,-1,147.94000244140625,60.0,3,0,9.133057594299316,9.999999747378752e-05,1,8.279999732971191,60.0,3,0,32,False
5580,124.66326141357422,177.0348358154297,-1,147.94000244140625,60.0,3,0,15.461807250976562,9.999999747378752e-05,1,8.279999732971191,60.0,3,0,32,False
5595,124.66326141357422,162.98721313476562,-1,147.94000244140625,60.0,3,0,0.41284286975860596,9.999999747378752e-05,-1,8.279999732971191,60.0,3,0,32,False
5610,124.66326141357422,148.93959045410156,-1,147.94000244140625,60.0,3,0,-10.041891098022461,3.6800999641418457,1,8.279999732971191,60.0,3,0,32,False
5625,124.66326141357422,134.8919677734375,-1,147.94000244140625,60.0,3,0,-25.66013526916504,9.999999747378752e-05,1,8.279999732971191,60.0,3,0,32,False
5640,124.66326141357422,120.84434509277344,-1,147.94000244140625,60.0,3,0,-16.309764862060547,7.020099639892578,1,8.279999732971191,60.0,3,0,32,False
5655,124.66326141357422,106.79672241210938,-1,147.94000244140625,60.0,3,0,5.530238151550293,9.999999747378752e-05,1,8.279999732971191,60.0,3,0,32,False
5670,124.66326141357422,92.74909973144531,-1,147.94000244140625,60.0,3,0,17.725238800048828,9.999999747378752e-05,-1,8.279999732971191,60.0,3,0,32,False
5685,124.66326141357422,78.70147705078125,-1,147.94000244140625,60.0,3,0,-2.5358667373657227,9.999999747378752e-05,-1,8.279999732971191,60.0,3,0,32,False
5700,124.66326141357422,68.39988708496094,-1,147.94000244140625,60.0,2,0,-19.561281204223633,9.999999747378752e-05,1,8.279999732971191,60.0,3,0,32,False
5715,124.66326141357422,68.39988708496094,-1,147.94000244140625,60.0,2,0,-29.833309173583984,9.999999747378752e-05,-1,8.279999732971191,60.0,3,0,32,False
5730,124.66326141357422,68.39988708496094,-1,147.94000244140625,60.0,2,0,-10.220664978027344,10.620100021362305,1,8.279999732971191,60.0,3,0,32,False
5745,-15.0,109.4000015258789,1,0.0,60.0,2,0,8.319337844848633,9.999999747378752e-05,1,8.279999732971191,60.0,3,0,32,False
5760,-15.0,92.14998626708984,1,0.0,60.0,2,0,3.981903553009033,9.999999747378752e-05,-1,8.279999732971191,60.0,3,0,32,False
5775,-15.0,74.89996337890625,1,0.0,60.0,2,0,-15.578893661499023,9.999999747378752e-05,1,8.279999732971191,60.0,3,0,32,False
5790,-15.0,57.64997100830078,1,0.0,60.0,2,0,-29.55609893798828,9.999999747378752e-05,1,8.279999732971191,60.0,3,0,32,False
5805,-15.0,45.0,1,0.0,60.0,2,0,-22.04903793334961,9.999999747378752e-05,1,8.279999732971191,60.0,3,0,32,False
5820,-15.0,45.0,1,0.0,60.0,2,0,10.578113555908203,9.999999747378752e-05,1,8.279999732971191,60.0,3,0,32,False
5835,1.5947495698928833,37.31999969482422,1,0.0,60.0,2,0,32.221397399902344,9.999999747378752e-05,1,8.279999732971191,60.0,3,0,32,False
5850,21.84475326538086,18.560007095336914,1,0.0,60.0,2,0,44.262062072753906,9.999999747378752e-05,-1,8.279999732971191,60.0,3,0,32,False
5865,40.00627517700195,4.875042915344238,1,0.0,60.0,2,0,66.26658630371094,9.999999747378752e-05,1,8.279999732971191,60.0,3,0,32,False
5880,52.25700378417969,9.333941459655762,1,0.0,60.0,2,0,68.1222152709961,9.999999747378752e-05,-1,21.279998779296875,60.0,3,0,32,False
5895,56.01646423339844,10.702272415161133,1,0.0,60.0,2,0,48.40892028808594,2.679981231689453,-1,21.279998779296875,60.0,3,0,32,False
5910,41.57017135620117,5.075283050537109,1,0.0,60.0,2,0,25.00785255432129,9.999999747378752e-05,-1,21.279998779296875,60.0,3,0,32,False
5925,34.16267395019531,9.999999747378752e-05,-1,0.0,60.0,2,0,-1.2313772439956665,9.999999747378752e-05,-1,21.279998779296875,60.0,3,0,32,False
5940,28.58464813232422,9.999999747378752e-05,-1,0.0,60.0,2,0,-4.243820667266846,9.999999747378752e-05,-1,21.279998779296875,60.0,3,0,32,False
5955,12.401466369628906,9.999999747378752e-05,-1,0.0,60.0,2,0,-28.482322692871094,10.360099792480469,1,21.279998779296875,60.0,3,0,32,False
5970,-0.6892964839935303,3.8160996437072754,-1,2.370000123977661,60.0,2,0,-43.28156661987305,9.999999747378752e-05,1,21.279998779296875,60.0,3,0,32,False
5985,-19.28617286682129,9.006097793579102,-1,2.370000123977661,60.0,2,0,-21.54894256591797,10.45009994506836,1,21.279998779296875,60.0,3,0,32,False
6000,-29.09845542907715,14.99464225769043,1,13.770000457763672,60.0,2,0,-8.952919960021973,9.999999747378752e-05,1,21.279998779296875,60.0,3,0,32,False
6015,-38.99885559082031,17.943424224853516,1,13.770000457763672,60.0,2,0,-6.966540336608887,8.20009994506836,1,21.279998779296875,60.0,3,0,32,False
6030,-30.4158935546875,30.258625030517578,-1,13.770000457763672,60.0,2,0,-18.520917892456055,9.999999747378752e-05,1,21.279998779296875,60.0,3,0,32,False
6045,-12.20714282989502,19.71462059020996,-1,13.770000457763672,60.0,2,0,-11.229923248291016,9.999999747378752e-05,1,21.279998779296875,60.0,3,0,32,False
6060,5.742233753204346,9.999999747378752e-05,-1,13.770000457763672,60.0,2,0,14.077573776245117,9.999999747378752e-05,1,21.279998779296875,60.0,3,0,32,False
6075,8.004109382629395,9.999999747378752e-05,-1,13.770000457763672,60.0,2,0,17.970996856689453,9.870100021362305,1,21.279998779296875,60.0,3,0,32,False
6090,8.004109382629395,9.999999747378752e-05,1,21.690000534057617,60.0,2,0,16.203022003173828,2.610097885131836,1,21.279998779296875,60.0,3,0,32,False
6105,2.791205644607544,9.999999747378752e-05,1,21.690000534057617,60.0,2,0,15.905585289001465,0.00010001659393310547,-1,21.279998779296875,60.0,3,0,32,False
6120,2.791205644607544,9.999999747378752e-05,1,21.690000534057617,60.0,2,0,-1.3083059787750244,26.11560821533203,-1,32.279998779296875,60.0,3,0,32,False
6135,2.791205644607544,9.999999747378752e-05,1,21.690000534057617,60.0,2,0,-1.3083091974258423,37.21658706665039,-1,32.279998779296875,60.0,3,0,32,False
6150,2.791205644607544,8.64009952545166,1,21.690000534057617,60.0,2,0,-1.3083109855651855,35.30253601074219,-1,32.279998779296875,60.0,3,0,32,False
6165,2.791205644607544,25.482097625732422,1,21.690000534057617,60.0,2,0,-1.3083126544952393,23.16307258605957,1,60.279998779296875,60.0,3,0,32,False
6180,2.791205644607544,28.612096786499023,1,21.690000534057617,60.0,2,0,-36.61614227294922,43.40673065185547,1,60.279998779296875,60.0,3,0,32,False
6195,2.791205644607544,28.4020938873291,1,21.690000534057617,60.0,2,0,-127.48075866699219,73.07697296142578,1,60.279998779296875,60.0,3,0,32,False
6210,2.791205644607544,13.972087860107422,1,21.690000534057617,60.0,2,0,-209.08831787109375,90.85614013671875,1,60.279998779296875,60.0,3,0,32,False
6225,2.791205644607544,9.999999747378752e-05,1,21.690000534057617,60.0,2,0,-248.82723999023438,97.56568908691406,1,60.279998779296875,60.0,2,0,32,False
6240,2.791205644607544,9.999999747378752e-05,1,21.690000534057617,60.0,2,0,-248.82723999023438,97.56568908691406,1,60.279998779296875,60.0,2,0,32,False
6255,2.791205644607544,9.999999747378752e-05,1,21.690000534057617,60.0,2,0,-248.82723999023438,97.56568908691406,1,60.279998779296875,60.0,2,0,32,False
6270,2.791205644607544,9.999999747378752e-05,1,21.690000534057617,60.0,2,0,-248.82723999023438,97.56568908691406,1,60.279998779296875,60.0,2,0,32,False
6285,2.791205644607544,9.999999747378752e-05,1,21.690000534057617,60.0,2,0,16.0,104.79999542236328,-1,0.0,60.0,2,0,32,False
6300,2.791205644607544,9.999999747378752e-05,1,21.690000534057617,60.0,2,0,16.0,87.54998016357422,-1,0.0,60.0,2,0,32,False
6315,2.791205644607544,9.999999747378752e-05,1,21.690000534057617,60.0,2,0,16.0,70.29995727539062,-1,0.0,60.0,2,0,32,False
6330,2.791205644607544,9.999999747378752e-05,1,21.690000534057617,60.0,2,0,16.0,53.04998016357422,-1,0.0,60.0,2,0,32,False
6345,2.791205644607544,9.999999747378752e-05,1,21.690000534057617,60.0,2,0,16.0,41.369998931884766,-1,0.0,60.0,2,0,32,False
6360,2.791205644607544,9.999999747378752e-05,1,21.690000534057617,60.0,2,0,16.0,-4.230002403259277,-1,0.0,60.0,2,0,32,False
6375,2.791205644607544,9.999999747378752e-05,1,24.690000534057617,60.0,2,0,15.920000076293945,7.020099639892578,-1,0.0,60.0,2,0,32,False
6390,2.791205644607544,9.999999747378752e-05,1,24.690000534057617,60.0,2,0,13.148750305175781,0.5700976848602295,-1,0.0,60.0,2,0,32,False
6405,2.791205644607544,9.999999747378752e-05,1,24.690000534057617,60.0,2,0,13.080499649047852,2.100099802017212,-1,0.0,60.0,2,0,32,False
6420,2.791205644607544,9.999999747378752e-05,1,24.690000534057617,60.0,2,0,7.270999431610107,1.6700992584228516,-1,0.0,60.0,2,0,32,False
6435,0.7703545689582825,21.30649185180664,1,37.69000244140625,60.0,2,0,2.88124942779541,9.999999747378752e-05,-1,0.0,60.0,2,0,32,False
6450,-2.826622724533081,48.17204284667969,1,37.69000244140625,60.0,2,0,-12.340500831604004,20.286100387573242,-1,0.0,60.0,2,0,32,False
6465,4.442052841186523,58.43338394165039,-1,42.2400016784668,60.0,2,0,-10.466751098632812,52.57809829711914,-1,0.0,60.0,2,0,32,False
6480,8.875787734985352,69.92652893066406,-1,42.2400016784668,60.0,2,0,-7.196379661560059,46.36810302734375,-1,0.0,60.0,2,0,32,False
6495,19.248628616333008,59.817195892333984,-1,42.2400016784668,60.0,2,0,0.5079967379570007,-3.48590087890625,-1,0.0,60.0,2,0,32,False
6510,9.052973747253418,66.78499603271484,-1,42.2400016784668,60.0,2,0,2.055215358734131,9.999999747378752e-05,1,0.0,60.0,2,0,32,False
6525,-10.87702751159668,74.25498962402344,-1,42.2400016784668,60.0,2,0,24.876808166503906,9.999999747378752e-05,1,0.0,60.0,2,0,32,False
6540,-28.972026824951172,51.84101104736328,-1,42.2400016784668,60.0,2,0,31.950685501098633,9.999999747378752e-05,-1,0.0,60.0,2,0,32,False
6555,-40.3274040222168,27.841028213500977,-1,42.2400016784668,60.0,2,0,38.33961486816406,23.000099182128906,-1,0.0,60.0,2,0,32,False
6570,-21.44915771484375,3.8410239219665527,-1,42.2400016784668,60.0,2,0,38.33961486816406,26.450096130371094,-1,0.0,60.0,2,0,32,False
6585,-10.859782218933105,2.036099910736084,-1,42.2400016784668,60.0,2,0,38.33961486816406,9.999999747378752e-05,-1,0.0,60.0,2,0,32,False
6600,9.33771800994873,9.146098136901855,-1,45.03000259399414,60.0,2,0,38.33961486816406,10.620100021362305,-1,0.0,60.0,2,0,32,False
6615,20.544593811035156,9.999999747378752e-05,-1,45.03000259399414,60.0,2,0,38.33961486816406,9.999999747378752e-05,-1,0.0,60.0,2,0,32,False
6630,32.73208999633789,7.620099067687988,-1,45.03000259399414,60.0,2,0,38.33961486816406,2.100099802017212,-1,12.0,60.0,2,0,32,False
6645,49.92959213256836,6.7160964012146,-1,45.03000259399414,60.0,2,0,46.35409927368164,9.999999747378752e-05,-1,12.0,60.0,2,0,32,False
6660,58.40084457397461,9.999999747378752e-05,-1,45.03000259399414,60.0,2,0,46.84365463256836,9.999999747378752e-05,-1,12.0,60.0,2,0,32,False
6675,58.494850158691406,9.999999747378752e-05,-1,45.03000259399414,60.0,2,0,57.84066390991211,6.1440019607543945,-1,12.0,60.0,2,0,32,False
6690,59.104583740234375,9.999999747378752e-05,-1,45.03000259399414,60.0,2,0,80.30611419677734,11.380485534667969,-1,22.0,60.0,2,0,32,False
6705,58.40084457397461,9.999999747378752e-05,-1,45.03000259399414,60.0,2,0,94.828369140625,-1.7453055381774902,-1,22.0,60.0,2,0,32,False
6720,74.00959777832031,9.999999747378752e-05,1,45.03000259399414,60.0,2,0,104.07695770263672,-25.872465133666992,-1,22.0,60.0,2,0,32,False
6735,67.05535125732422,13.120099067687988,1,45.03000259399414,60.0,2,0,99.51673126220703,-46.4489860534668,-1,22.0,60.0,2,0,32,False
6750,64.79347229003906,20.800098419189453,1,45.03000259399414,60.0,2,0,87.5656967163086,-14.38180160522461,-1,22.0,60.0,2,0,32,False
6765,71.68785095214844,2.8160953521728516,1,45.03000259399414,60.0,2,0,87.59895324707031,-18.029998779296875,-1,22.0,60.0,2,0,32,False
6780,61.71736145019531,6.01609992980957,1,45.03000259399414,60.0,2,0,87.5656967163086,-9.914664268493652,-1,22.0,60.0,2,0,32,False
6795,42.285118103027344,19.456098556518555,1,45.03000259399414,60.0,2,0,89.58100891113281,-13.70156192779541,-1,22.0,60.0,2,0,32,False
6810,52.75823974609375,11.008094787597656,1,45.03000259399414,60.0,2,0,85.812744140625,0.7340025901794434,-1,22.0,60.0,2,0,32,False
6825,68.88374328613281,18.53409194946289,1,45.03000259399414,60.0,2,0,64.79953002929688,9.999999747378752e-05,-1,22.0,60.0,2,0,32,False
6840,57.007362365722656,25.044090270996094,1,45.03000259399414,60.0,2,0,39.59952926635742,10.45009994506836,-1,22.0,60.0,2,0,32,False
6855,37.42610168457031,15.084085464477539,1,45.03000259399414,60.0,2,0,22.19953155517578,9.999999747378752e-05,-1,22.0,59.44000244140625,2,0,32,False
6870,39.546852111816406,9.999999747378752e-05,1,45.03000259399414,60.0,2,0,19.799530029296875,9.999999747378752e-05,-1,22.0,55.240020751953125,2,0,32,False
6885,47.57910919189453,9.999999747378752e-05,1,45.03000259399414,60.0,2,0,26.218536376953125,10.360099792480469,-1,22.0,54.54002380371094,2,0,32,False
6900,64.93295288085938,9.999999747378752e-05,1,45.03000259399414,60.0,2,0,37.50917053222656,9.999999747378752e-05,-1,22.0,55.59001922607422,2,0,32,False
6915,57.13628005981445,9.999999747378752e-05,-1,45.03000259399414,60.0,2,0,39.00467300415039,9.999999747378752e-05,-1,22.0,54.190025329589844,2,0,32,False
6930,53.84003829956055,9.999999747378752e-05,-1,45.03000259399414,60.0,2,0,19.073429107666016,9.999999747378752e-05,-1,22.0,54.89002227783203,2,0,32,False
6945,53.84003829956055,9.999999747378752e-05,-1,45.03000259399414,60.0,2,0,5.372003555297852,9.999999747378752e-05,1,22.0,55.94001770019531,2,0,32,False
6960,44.8314094543457,3.1361000537872314,-1,45.03000259399414,60.0,2,0,14.880929946899414,9.999999747378752e-05,-1,22.0,56.990013122558594,2,0,32,False
6975,61.78929138183594,18.4960994720459,-1,45.03000259399414,60.0,2,0,4.062183380126953,9.999999747378752e-05,-1,22.0,58.040008544921875,2,0,32,False
6990,60.34092330932617,11.200096130371094,-1,45.03000259399414,60.0,2,0,1.3440576791763306,9.999999747378752e-05,1,22.0,59.090003967285156,2,0,32,False
7005,73.26431274414062,9.999999747378752e-05,-1,45.03000259399414,60.0,2,0,26.581558227539062,27.83009910583496,1,22.0,60.0,2,0,32,False
7020,69.3439712524414,1.600100040435791,1,45.03000259399414,60.0,2,0,44.79156494140625,16.99009895324707,1,22.0,60.0,2,0,32,False
7035,63.84384536743164,17.92009925842285,1,45.03000259399414,60.0,2,0,47.695560455322266,53.44143295288086,1,22.0,60.0,2,0,32,False
7050,73.67535400390625,19.840097427368164,1,45.03000259399414,60.0,2,0,55.80781173706055,29.78342628479004,1,22.0,60.0,2,0,32,False
7065,73.56310272216797,7.360092639923096,1,45.03000259399414,60.0,2,0,66.0585708618164,9.999999747378752e-05,1,22.0,60.0,2,0,32,False
7080,72.5517349243164,9.999999747378752e-05,1,45.03000259399414,60.0,2,0,54.048160552978516,-1.0515764951705933,1,33.040000915527344,60.0,2,0,32,False
7095,69.8923568725586,7.04010009765625,1,45.03000259399414,60.0,2,0,46.77533721923828,9.999999747378752e-05,1,33.040000915527344,60.0,2,0,32,False
7110,56.56111145019531,16.320098876953125,1,45.03000259399414,60.0,2,0,37.67285919189453,3.960256576538086,1,43.12000274658203,60.0,2,0,32,False
7125,36.58109664916992,18.240095138549805,1,45.03000259399414,60.0,2,0,21.907554626464844,9.999999747378752e-05,1,43.12000274658203,60.0,2,0,32,False
7140,26.583215713500977,9.999999747378752e-05,1,45.03000259399414,60.0,2,0,-0.7880551815032959,9.999999747378752e-05,-1,43.12000274658203,60.0,2,0,32,False
7155,26.56096649169922,9.999999747378752e-05,1,45.03000259399414,60.0,2,0,7.532326698303223,9.999999747378752e-05,1,43.12000274658203,60.0,2,0,32,False
7170,27.89996337890625,9.999999747378752e-05,-1,49.03000259399414,60.0,2,0,14.13227367401123,9.999999747378752e-05,1,43.12000274658203,60.0,2,0,32,False
7185,32.45874786376953,9.261262893676758,-1,53.03000259399414,60.0,2,0,20.88227081298828,9.999999747378752e-05,1,43.12000274658203,60.0,2,0,32,False
7200,36.6335334777832,10.17138957977295,-1,53.03000259399414,60.0,2,0,23.381019592285156,9.999999747378752e-05,1,43.12000274658203,60.0,2,0,32,False
7215,49.036319732666016,9.999999747378752e-05,-1,60.03000259399414,60.0,2,0,45.731956481933594,9.999999747378752e-05,1,43.12000274658203,60.0,2,0,32,False
7230,72.09683990478516,22.255420684814453,-1,60.03000259399414,60.0,2,0,60.2352180480957,9.999999747378752e-05,1,43.12000274658203,60.0,2,0,32,False
7245,85.79859924316406,23.90375518798828,-1,60.03000259399414,60.0,2,0,71.78105926513672,9.999999747378752e-05,1,43.12000274658203,60.0,2,0,32,False
7260,93.88204193115234,36.58109664916992,-1,60.03000259399414,60.0,2,0,92.76691436767578,19.320098876953125,1,43.12000274658203,60.0,2,0,32,False
7275,99.07456970214844,56.59798812866211,1,64.58000183105469,60.0,2,0,104.8561782836914,26.220096588134766,1,43.12000274658203,60.0,2,0,32,False
7290,97.98646545410156,49.08637619018555,1,64.58000183105469,60.0,2,0,103.79492950439453,-7.139904975891113,1,43.12000274658203,60.0,2,0,32,False
7305,80.95863342285156,26.092487335205078,1,64.58000183105469,60.0,2,0,91.5094223022461,10.370099067687988,1,43.12000274658203,60.0,2,0,32,False
7320,64.1474609375,41.9050407409668,1,79.58000183105469,60.0,2,0,84.9420394897461,19.01810073852539,1,43.12000274658203,60.0,2,0,32,False
7335,29.310501098632812,62.83079147338867,1,79.58000183105469,60.0,2,0,76.00765991210938,9.999999747378752e-05,1,43.12000274658203,60.0,2,0,32,False
7350,2.5484817028045654,70.35150909423828,1,79.58000183105469,60.0,2,0,54.26342010498047,24.24209976196289,-1,43.12000274658203,60.0,2,0,32,False
7365,-16.138614654541016,69.71923065185547,1,79.58000183105469,60.0,2,0,47.47591781616211,55.98209762573242,-1,43.12000274658203,60.0,2,0,32,False
7380,-13.739160537719727,56.73402404785156,1,82.43000030517578,60.0,2,0,45.188419342041016,36.1161003112793,-1,43.12000274658203,60.0,2,0,32,False
7395,1.172920823097229,35.43571090698242,1,85.06999969482422,60.0,2,0,45.188419342041016,0.00010013580322265625,-1,43.12000274658203,60.0,2,0,32,False
7410,-13.012203216552734,11.435708999633789,1,85.06999969482422,60.0,2,0,51.686946868896484,9.999999747378752e-05,-1,43.12000274658203,60.0,2,0,32,False
7425,-26.30533218383789,9.999999747378752e-05,1,85.06999969482422,60.0,2,0,51.5981330871582,3.970099687576294,-1,43.12000274658203,60.0,2,0,32,False
7440,-35.11907958984375,9.999999747378752e-05,-1,85.06999969482422,60.0,2,0,31.000608444213867,9.999999747378752e-05,-1,43.12000274658203,60.0,2,0,32,False
7455,-23.589834213256836,14.976099014282227,-1,87.5,60.0,2,0,8.571935653686523,20.930099487304688,-1,43.12000274658203,60.0,2,0,32,False
7470,-33.05332946777344,20.73609733581543,-1,87.5,60.0,2,0,-12.728069305419922,20.390098571777344,-1,43.12000274658203,60.0,2,0,32,False
7485,-43.25246047973633,7.680094242095947,-1,87.5,60.0,2,0,-27.848081588745117,9.999999747378752e-05,-1,43.12000274658203,60.0,2,0,32,False
7500,-44.90570831298828,9.999999747378752e-05,-1,87.5,60.0,2,0,-17.007165908813477,5.1878814697265625,-1,52.36000061035156,60.0,2,0,32,False
7515,-37.99595642089844,8.64009952545166,-1,87.5,60.0,2,0,2.1788597106933594,9.999999747378752e-05,-1,52.36000061035156,60.0,2,0,32,False
7530,-17.999086380004883,20.160099029541016,-1,87.5,60.0,2,0,9.576998710632324,9.999999747378752e-05,-1,52.36000061035156,60.0,2,0,32,False
7545,1.8140405416488647,17.28009605407715,-1,87.5,60.0,2,0,-1.4776537418365479,9.999999747378752e-05,-1,52.36000061035156,60.0,2,0,32,False
7560,17.149667739868164,0.8600928783416748,-1,87.5,60.0,2,0,-23.5410213470459,9.999999747378752e-05,-1,52.36000061035156,60.0,2,0,32,False
7575,13.074169158935547,9.999999747378752e-05,-1,87.5,60.0,2,0,-23.930967330932617,9.999999747378752e-05,-1,52.36000061035156,60.0,2,0,32,False
7590,14.195075035095215,8.64009952545166,1,87.5,60.0,2,0,-29.391292572021484,9.999999747378752e-05,1,52.36000061035156,60.0,2,0,32,False
7605,15.886075019836426,20.160099029541016,1,87.5,60.0,2,0,-25.464736938476562,9.999999747378752e-05,1,52.36000061035156,60.0,2,0,32,False
7620,24.23570442199707,4.800095558166504,1,87.5,60.0,2,0,-24.06354331970215,9.999999747378752e-05,1,52.36000061035156,60.0,2,0,32,False
7635,9.55156135559082,1.3405487537384033,1,87.5,60.0,2,0,-24.06354331970215,9.999999747378752e-05,1,52.36000061035156,60.0,2,0,32,False
7650,-4.276266574859619,9.999999747378752e-05,1,87.5,60.0,2,0,-9.696474075317383,9.999999747378752e-05,1,52.36000061035156,60.0,2,0,32,False
7665,-3.4786853790283203,13.08509349822998,-1,91.41999816894531,60.0,2,0,-6.8111701011657715,9.999999747378752e-05,1,52.36000061035156,60.0,2,0,32,False
7680,-0.019295349717140198,12.091806411743164,-1,91.41999816894531,60.0,2,0,-6.8111701011657715,7.020099639892578,1,52.36000061035156,60.0,2,0,32,False
7695,0.8350213766098022,32.218292236328125,-1,96.22000122070312,60.0,2,0,-1.911420464515686,6.000098705291748,1,52.36000061035156,60.0,2,0,32,False
7710,0.7783206105232239,38.06821823120117,-1,96.22000122070312,60.0,2,0,3.3700809478759766,9.999999747378752e-05,1,52.36000061035156,60.0,2,0,32,False
7725,14.214922904968262,23.635223388671875,-1,96.22000122070312,60.0,2,0,5.842830657958984,20.286100387573242,1,52.36000061035156,60.0,2,0,32,False
7740,34.211788177490234,4.135225296020508,-1,96.22000122070312,60.0,2,0,-2.509045124053955,55.476097106933594,1,52.36000061035156,60.0,2,0,32,False
7755,44.34554672241211,9.999999747378752e-05,-1,96.22000122070312,60.0,2,0,-13.012043952941895,18.7200927734375,1,52.36000061035156,60.0,2,0,32,False
7770,48.005550384521484,9.999999747378752e-05,1,96.22000122070312,60.0,2,0,-20.878925323486328,9.999999747378752e-05,1,52.36000061035156,60.0,2,0,32,False
7785,55.10679244995117,9.999999747378752e-05,1,96.22000122070312,60.0,2,0,-20.663175582885742,10.020099639892578,1,52.36000061035156,60.0,2,0,32,False
7800,39.898521423339844,9.999999747378752e-05,1,96.22000122070312,60.0,2,0,-13.658175468444824,2.100099802017212,1,52.36000061035156,60.0,2,0,32,False
7815,23.654834747314453,9.999999747378752e-05,1,96.22000122070312,60.0,2,0,9.441827774047852,0.00010013580322265625,1,52.36000061035156,60.0,2,0,32,False
7830,24.726423263549805,9.545974731445312,-1,99.9000015258789,60.0,2,0,19.701828002929688,9.999999747378752e-05,1,52.36000061035156,60.0,2,0,32,False
7845,31.888124465942383,15.826583862304688,-1,99.9000015258789,60.0,2,0,20.701831817626953,9.999999747378752e-05,1,52.36000061035156,60.0,2,0,32,False
7860,30.150541305541992,16.534412384033203,-1,103.9000015258789,60.0,2,0,27.421833038330078,9.999999747378752e-05,1,52.36000061035156,60.0,2,0,32,False
7875,32.03522872924805,29.919095993041992,-1,103.9000015258789,60.0,2,0,27.751834869384766,9.999999747378752e-05,1,52.36000061035156,60.0,2,0,32,False
7890,28.243574142456055,32.327239990234375,-1,108.5,60.0,2,0,24.719587326049805,27.83009910583496,1,52.36000061035156,60.0,2,0,32,False
7905,10.735849380493164,92.18167114257812,-1,119.55000305175781,60.0,2,0,17.118961334228516,20.850099563598633,1,52.36000061035156,60.0,2,0,32,False
7920,-10.626177787780762,169.9686737060547,-1,119.55000305175781,60.0,2,0,9.948956489562988,9.999999747378752e-05,1,52.36000061035156,60.0,2,0,32,False
7935,1.9884995222091675,125.8092041015625,-1,119.55000305175781,60.0,2,0,-2.4329397678375244,9.999999747378752e-05,1,52.36000061035156,60.0,2,0,32,False
7950,-2.143848180770874,104.27061462402344,-1,119.55000305175781,60.0,2,0,-7.298553466796875,9.999999747378752e-05,-1,52.36000061035156,60.0,2,0,32,False
7965,-19.59566879272461,84.39299774169922,-1,119.55000305175781,60.0,2,0,-30.69855499267578,-3.149900436401367,-1,52.36000061035156,60.0,2,0,32,False
7980,-40.704227447509766,69.086181640625,-1,119.55000305175781,60.0,2,0,-48.86314392089844,9.999999747378752e-05,-1,52.36000061035156,60.0,2,0,32,False
7995,-57.5145149230957,53.787261962890625,-1,119.55000305175781,60.0,2,0,-71.55352020263672,9.999999747378752e-05,-1,52.36000061035156,60.0,2,0,32,False
8010,-65.18535614013672,24.6054744720459,-1,119.55000305175781,60.0,2,0,-77.07038879394531,9.999999747378752e-05,1,52.36000061035156,60.0,2,0,32,False
8025,-59.3331413269043,11.29166030883789,-1,119.55000305175781,60.0,1,0,-66.8729019165039,10.020099639892578,1,52.36000061035156,60.0,2,0,32,False
8040,-48.00196838378906,9.209335327148438,-1,119.55000305175781,60.0,1,0,-58.55853271484375,9.999999747378752e-05,1,52.36000061035156,60.0,2,0,32,False
8055,-15.0,111.70000457763672,1,0.0,60.0,1,0,-53.830848693847656,9.999999747378752e-05,-1,52.36000061035156,60.0,2,0,32,False
8070,-15.0,94.44998931884766,1,0.0,60.0,1,0,-46.652591705322266,9.999999747378752e-05,-1,52.36000061035156,60.0,2,0,32,False
8085,-15.0,77.19996643066406,1,0.0,60.0,1,0,-29.719392776489258,9.999999747378752e-05,1,52.36000061035156,60.0,2,0,32,False
8100,-15.0,59.94996643066406,1,0.0,60.0,1,0,-18.64581298828125,9.999999747378752e-05,-1,52.36000061035156,60.0,2,0,32,False
8115,-15.0,45.0,1,0.0,60.0,1,0,3.4877827167510986,10.620100021362305,1,52.36000061035156,60.0,2,0,32,False
8130,-8.62199878692627,30.536012649536133,1,0.0,60.0,1,0,22.02778434753418,9.999999747378752e-05,1,52.36000061035156,60.0,2,0,32,False
8145,11.374876976013184,6.536007404327393,1,0.0,60.0,1,0,33.96981430053711,9.999999747378752e-05,1,52.36000061035156,60.0,2,0,32,False
8160,20.828628540039062,9.999999747378752e-05,1,0.0,60.0,1,0,58.991634368896484,9.999999747378752e-05,1,52.36000061035156,60.0,2,0,32,False
8175,33.04462432861328,13.120099067687988,1,0.0,60.0,1,0,55.67414093017578,9.999999747378752e-05,-1,52.36000061035156,60.0,2,0,32,False
8190,36.806251525878906,20.800098419189453,1,0.0,60.0,1,0,69.04793548583984,9.999999747378752e-05,-1,52.36000061035156,60.0,2,0,32,False
8205,26.31649398803711,14.080094337463379,1,0.0,60.0,1,0,41.42709732055664,9.999999747378752e-05,-1,52.36000061035156,60.0,2,0,32,False
8220,42.21187210083008,9.999999747378752e-05,1,0.0,60.0,1,0,17.342092514038086,29.90009880065918,-1,52.36000061035156,60.0,2,0,32,False
8235,43.5056266784668,9.999999747378752e-05,1,0.0,60.0,1,0,-2.157914161682129,2.700098991394043,-1,52.36000061035156,60.0,2,0,32,False
8250,25.16524887084961,9.030097961425781,1,0.0,60.0,1,0,-24.123916625976562,7.020099639892578,-1,52.36000061035156,60.0,2,0,32,False
8265,6.287874698638916,0.00010001659393310547,1,0.0,60.0,1,1,-43.303672790527344,9.999999747378752e-05,1,52.36000061035156,60.0,2,0,32,False
8280,7.46124792098999,9.999999747378752e-05,1,2.7300000190734863,60.0,1,0,-51.703983306884766,27.83009910583496,1,52.36000061035156,60.0,2,0,32,False
8295,6.844810485839844,8.64009952545166,-1,2.7300000190734863,60.0,1,0,-54.85713577270508,5.480100631713867,1,52.36000061035156,60.0,2,0,32,False
8310,-8.435815811157227,20.160099029541016,-1,5.28000020980835,60.0,1,0,-54.9477653503418,9.999999747378752e-05,1,52.36000061035156,60.0,2,0,32,False
8325,-2.727567434310913,6.336094856262207,-1,5.28000020980835,60.0,1,0,-75.35870361328125,9.999999747378752e-05,1,52.36000061035156,60.0,2,0,32,False
8340,-16.824941635131836,9.999999747378752e-05,-1,5.28000020980835,60.0,1,0,-65.1693115234375,9.999999747378752e-05,1,52.36000061035156,60.0,2,0,32,False
8355,-33.588069915771484,14.976099014282227,-1,5.28000020980835,60.0,1,0,-42.169132232666016,27.83009910583496,1,64.36000061035156,60.0,2,0,32,False
8370,-32.093441009521484,20.416099548339844,-1,5.28000020980835,60.0,1,0,-42.169132232666016,39.3915901184082,1,64.36000061035156,60.0,2,0,32,False
8385,-23.041316986083984,16.576095581054688,-1,5.28000020980835,60.0,1,0,-42.169132232666016,37.787574768066406,1,64.36000061035156,60.0,2,0,32,False
8400,-35.895137786865234,18.398094177246094,-1,5.28000020980835,60.0,1,0,-42.169132232666016,24.398536682128906,1,64.36000061035156,60.0,2,0,32,False
8415,-37.108585357666016,28.748092651367188,-1,5.28000020980835,60.0,1,0,-45.735382080078125,-0.4655104875564575,1,64.36000061035156,60.0,2,0,32,False
8430,-37.108585357666016,24.698087692260742,-1,5.28000020980835,60.0,1,0,-48.08713150024414,9.999999747378752e-05,1,64.36000061035156,60.0,2,0,32,False
8445,-37.108585357666016,7.556083679199219,-1,5.28000020980835,60.0,1,0,-48.08713150024414,9.999999747378752e-05,1,64.36000061035156,60.0,2,0,32,False
8460,-37.108585357666016,9.999999747378752e-05,-1,5.28000020980835,60.0,1,0,-48.08713150024414,9.999999747378752e-05,1,64.36000061035156,60.0,2,0,32,False
8475,-37.108585357666016,9.999999747378752e-05,-1,5.28000020980835,60.0,1,0,-48.08713150024414,9.999999747378752e-05,1,64.36000061035156,60.0,2,0,32,False
8490,-37.108585357666016,9.999999747378752e-05,-1,7.680000305175781,60.0,1,0,-48.08713150024414,9.999999747378752e-05,1,64.36000061035156,60.0,2,0,32,False
8505,-37.108585357666016,9.999999747378752e-05,-1,9.930000305175781,60.0,1,0,-48.08713150024414,9.999999747378752e-05,1,64.36000061035156,60.0,2,0,32,False
8520,-37.108585357666016,9.999999747378752e-05,-1,13.980000495910645,60.0,1,0,-48.08713150024414,9.999999747378752e-05,1,64.36000061035156,60.0,2,0,32,False
8535,-37.108585357666016,9.999999747378752e-05,-1,15.8100004196167,60.0,1,0,-48.08713150024414,9.999999747378752e-05,1,64.36000061035156,60.0,2,0,32,False
8550,-37.108585357666016,9.999999747378752e-05,-1,19.23000144958496,60.0,1,0,-48.08713150024414,9.999999747378752e-05,1,64.36000061035156,60.0,2,0,32,False
8565,-37.108585357666016,9.999999747378752e-05,-1,20.880001068115234,60.0,1,0,-48.08713150024414,9.999999747378752e-05,1,64.36000061035156,60.0,2,0,32,False
8580,-37.108585357666016,9.999999747378752e-05,-1,24.18000030517578,60.0,1,0,-48.08713150024414,9.999999747378752e-05,1,64.36000061035156,60.0,2,0,32,False
8595,-37.108585357666016,9.999999747378752e-05,-1,25.829999923706055,60.0,1,0,-48.08713150024414,9.999999747378752e-05,1,64.36000061035156,60.0,2,0,32,False
8610,-37.108585357666016,9.999999747378752e-05,-1,29.1299991607666,60.0,1,0,-48.08713150024414,9.999999747378752e-05,1,64.36000061035156,60.0,2,0,32,False
8625,-37.108585357666016,9.999999747378752e-05,-1,30.779998779296875,60.0,1,0,-48.08713150024414,9.999999747378752e-05,1,64.36000061035156,60.0,2,0,32,False
8640,-37.108585357666016,9.999999747378752e-05,-1,30.779998779296875,60.0,1,0,-48.08713150024414,9.999999747378752e-05,1,64.36000061035156,60.0,2,0,32,False
8655,-37.108585357666016,9.999999747378752e-05,-1,30.779998779296875,59.720001220703125,1,0,-48.08713150024414,9.999999747378752e-05,1,64.36000061035156,60.0,2,0,32,False
8670,-36.56258773803711,9.999999747378752e-05,-1,30.779998779296875,51.040000915527344,1,0,-51.86712646484375,9.999999747378752e-05,1,64.36000061035156,60.0,2,0,32,False
8685,-36.56258773803711,9.999999747378752e-05,-1,30.779998779296875,44.8800163269043,1,0,-51.86712646484375,9.999999747378752e-05,1,64.36000061035156,60.0,2,0,32,False
8700,-35.63258361816406,9.999999747378752e-05,-1,30.779998779296875,41.80002975463867,1,0,-48.879127502441406,9.999999747378752e-05,1,64.36000061035156,60.0,2,0,32,False
8715,-34.702579498291016,9.999999747378752e-05,-1,30.779998779296875,36.760040283203125,1,0,-45.89112854003906,9.999999747378752e-05,1,64.36000061035156,60.0,2,0,32,False
8730,-34.019222259521484,1.685605525970459,-1,34.779998779296875,35.710044860839844,1,0,-45.89112854003906,9.999999747378752e-05,1,64.36000061035156,60.0,2,0,32,False
8745,-31.118038177490234,9.98454475402832,-1,34.779998779296875,36.760040283203125,1,0,-39.17112731933594,9.999999747378752e-05,1,64.36000061035156,60.0,2,0,32,False
8760,-27.80591583251953,14.092527389526367,-1,38.779998779296875,37.810035705566406,1,0,-39.17112731933594,9.999999747378752e-05,1,64.36000061035156,60.0,2,0,32,False
8775,-25.84720802307129,9.342032432556152,-1,42.459999084472656,38.86003112792969,1,0,-39.17112731933594,9.999999747378752e-05,1,64.36000061035156,60.0,2,0,32,False
8790,-22.587106704711914,7.739089012145996,-1,42.459999084472656,39.91002655029297,1,0,-37.15237808227539,9.999999747378752e-05,1,64.36000061035156,60.0,2,0,32,False
8805,-22.37255859375,9.999999747378752e-05,-1,42.459999084472656,40.96002197265625,1,0,-38.51481246948242,4.582157135009766,1,76.36000061035156,60.0,2,0,32,False
8820,-22.37255859375,9.999999747378752e-05,-1,42.459999084472656,42.01001739501953,1,0,-57.5600471496582,9.999999747378752e-05,1,76.36000061035156,60.0,2,0,32,False
8835,-27.53880500793457,9.999999747378752e-05,-1,42.459999084472656,43.06001281738281,1,0,-64.87353515625,9.999999747378752e-05,1,76.36000061035156,60.0,2,0,32,False
8850,-42.951934814453125,11.008098602294922,-1,42.459999084472656,44.110008239746094,1,0,-52.93474578857422,9.999999747378752e-05,1,76.36000061035156,60.0,2,0,32,False
8865,-40.97080993652344,20.60809898376465,-1,42.459999084472656,45.160003662109375,1,0,-32.75300598144531,9.999999747378752e-05,1,76.36000061035156,60.0,2,0,32,False
8880,-26.886180877685547,9.216094970703125,-1,42.459999084472656,46.209999084472656,1,0,-31.381683349609375,9.999999747378752e-05,1,78.36000061035156,60.0,2,0,32,False
8895,-23.432933807373047,9.999999747378752e-05,-1,42.459999084472656,47.25999450683594,1,0,-31.98168182373047,9.999999747378752e-05,1,82.0,60.0,2,0,32,False
8910,-23.26993179321289,9.999999747378752e-05,-1,42.459999084472656,48.30998992919922,1,0,-31.98168182373047,9.999999747378752e-05,1,82.0,60.0,2,0,32,False
8925,-23.26993179321289,9.999999747378752e-05,-1,42.459999084472656,49.3599853515625,1,0,-32.39591979980469,-1.7199010848999023,-1,82.0,60.0,2,0,32,False
8940,-23.26993179321289,9.999999747378752e-05,-1,42.459999084472656,50.40998077392578,1,0,-48.75136947631836,29.227859497070312,1,94.0,60.0,2,0,32,False
8955,-23.26993179321289,9.999999747378752e-05,-1,42.459999084472656,51.45997619628906,1,0,-70.18692016601562,28.961963653564453,1,94.0,60.0,2,0,32,False
8970,-38.24873733520508,9.999999747378752e-05,-1,42.459999084472656,52.509971618652344,1,0,-86.34878540039062,18.19469451904297,1,94.0,60.0,2,0,32,False
8985,-50.96879196166992,9.999999747378752e-05,-1,42.459999084472656,53.559967041015625,1,0,-96.76146697998047,-2.763963222503662,1,94.0,60.0,2,0,32,False
9000,-38.00685119628906,9.856099128723145,1,42.459999084472656,54.609962463378906,1,0,-87.4856948852539,-14.399999618530273,1,94.0,60.0,2,0,32,False
9015,-37.64984893798828,20.416099548339844,1,42.459999084472656,55.65995788574219,1,0,-86.40995025634766,-20.670663833618164,1,94.0,60.0,2,0,32,False
9030,-57.6467399597168,16.576095581054688,1,42.459999084472656,56.70995330810547,1,0,-86.27903747558594,-20.760663986206055,1,94.0,60.0,2,0,32,False
9045,-64.71713256835938,9.999999747378752e-05,1,42.459999084472656,57.75994873046875,1,0,-86.27903747558594,-23.23566436767578,1,94.0,60.0,2,0,32,False
9060,-56.59962463378906,2.958099842071533,1,42.459999084472656,58.80994415283203,1,0,-88.79068756103516,-7.174386024475098,1,94.0,60.0,2,0,32,False
9075,-39.709739685058594,9.108098030090332,1,42.459999084472656,59.85993957519531,1,0,-65.48230743408203,29.553951263427734,1,94.0,60.0,2,0,32,False
9090,-31.506513595581055,23.4180965423584,1,42.459999084472656,60.0,1,0,-53.52475357055664,44.22797775268555,1,94.0,60.0,2,0,32,False
9105,-27.106258392333984,28.96809196472168,1,42.459999084472656,60.0,1,0,-43.19574737548828,14.754271507263184,1,94.0,60.0,2,0,32,False
9120,-31.4842586517334,12.756088256835938,1,42.459999084472656,60.0,1,0,-34.67142105102539,9.999999747378752e-05,1,94.0,58.8497200012207,2,0,32,False
9135,-22.8280086517334,9.999999747378752e-05,1,42.459999084472656,60.0,1,0,-36.0082893371582,9.999999747378752e-05,1,94.0,49.32972717285156,2,0,32,False
9150,-19.610855102539062,9.999999747378752e-05,1,42.459999084472656,60.0,1,0,-29.429908752441406,10.650099754333496,1,94.0,50.16972351074219,2,0,32,False
9165,-19.0690975189209,9.999999747378752e-05,-1,49.0099983215332,60.0,1,0,-22.253278732299805,-0.7899022102355957,1,94.0,51.21971893310547,2,0,32,False
9180,-20.316150665283203,9.999999747378752e-05,-1,52.44999694824219,60.0,1,0,-21.894773483276367,9.999999747378752e-05,1,94.0,52.26971435546875,2,0,32,False
9195,-22.19831085205078,7.005664825439453,-1,52.44999694824219,60.0,1,0,-21.894773483276367,9.999999747378752e-05,1,94.0,53.31970977783203,2,0,32,False
9210,-26.831371307373047,9.999999747378752e-05,-1,52.44999694824219,59.790000915527344,1,0,-18.078521728515625,10.020099639892578,1,94.0,54.36970520019531,2,0,32,False
9225,-43.2813606262207,9.999999747378752e-05,-1,52.44999694824219,60.0,1,0,-15.823525428771973,9.999999747378752e-05,1,94.0,55.419700622558594,2,0,32,False
9240,-59.73226547241211,9.999999747378752e-05,1,52.44999694824219,60.0,1,0,-15.823525428771973,9.999999747378752e-05,1,94.0,56.469696044921875,2,0,32,False
9255,-67.93637084960938,3.1361000537872314,-1,52.44999694824219,60.0,1,0,-19.57102394104004,29.90009880065918,1,94.0,57.519691467285156,2,0,32,False
9270,-52.16923904418945,18.4960994720459,-1,52.44999694824219,60.0,1,0,-29.750900268554688,-2.949899673461914,1,94.0,58.56968688964844,2,0,32,False
9285,-61.79273986816406,14.20809555053711,-1,52.44999694824219,60.0,1,0,-31.910400390625,9.999999747378752e-05,1,94.0,59.61968231201172,2,0,32,False
9300,-55.71223449707031,9.999999747378752e-05,-1,52.44999694824219,60.0,1,0,-31.910400390625,9.999999747378752e-05,1,94.0,60.0,2,0,32,False
9315,-44.21110916137695,14.976099014282227,-1,52.44999694824219,60.0,1,0,-31.910400390625,9.999999747378752e-05,1,94.0,60.0,2,0,32,False
9330,-61.10987091064453,20.73609733581543,-1,52.44999694824219,60.0,1,0,-33.37415313720703,26.45009994506836,1,94.0,60.0,2,0,32,False
9345,-59.508541107177734,24.656095504760742,-1,52.44999694824219,60.0,1,0,-41.61165237426758,4.080100059509277,1,94.0,60.0,2,0,32,False
9360,-63.35416793823242,34.04609298706055,-1,52.44999694824219,60.0,1,0,-46.82952117919922,9.999999747378752e-05,1,94.0,60.0,2,0,32,False
9375,-82.35917663574219,29.03608512878418,-1,52.44999694824219,60.0,1,0,-46.82952117919922,9.999999747378752e-05,1,94.0,60.0,2,0,32,False
9390,-82.45330810546875,11.376083374023438,-1,52.44999694824219,60.0,1,0,-37.220767974853516,9.999999747378752e-05,1,94.0,60.0,2,0,32,False
9405,-95.02931213378906,25.61608123779297,-1,52.44999694824219,60.0,1,0,-15.402167320251465,9.999999747378752e-05,1,94.0,60.0,2,0,32,False
9420,-87.63469696044922,28.34607696533203,-1,52.44999694824219,60.0,1,0,-20.218414306640625,9.999999747378752e-05,-1,94.0,60.0,2,0,32,False
9435,-69.66102600097656,37.23607635498047,-1,52.44999694824219,60.0,1,0,-23.051542282104492,9.999999747378752e-05,1,94.0,60.0,2,0,32,False
9450,-60.42976379394531,42.006072998046875,-1,52.44999694824219,60.0,1,0,-14.376700401306152,9.999999747378752e-05,-1,94.0,60.0,2,0,32,False
9465,-56.46900939941406,19.412078857421875,-1,52.44999694824219,60.0,1,0,-37.63290786743164,29.90009880065918,-1,94.0,60.0,2,0,32,False
9480,-36.84339141845703,9.999999747378752e-05,-1,52.44999694824219,60.0,1,0,-56.66807556152344,-2.949899673461914,-1,94.0,60.0,2,0,32,False
9495,-42.6393928527832,11.008098602294922,-1,52.44999694824219,60.0,1,0,-64.91423797607422,9.999999747378752e-05,-1,94.0,60.0,2,0,32,False
9510,-51.0974006652832,19.456098556518555,-1,52.44999694824219,60.0,1,0,-58.2198600769043,9.999999747378752e-05,1,94.0,55.099998474121094,2,0,32,False
9525,-34.056270599365234,18.496095657348633,-1,52.44999694824219,60.0,1,0,-56.23186111450195,5.610099792480469,1,94.0,52.65000915527344,2,0,32,False
9540,-27.94414520263672,3.460092782974243,-1,52.44999694824219,60.0,1,0,-44.03459930419922,2.610097885131836,1,94.0,53.70000457763672,2,0,32,False
9555,-24.150646209716797,9.999999747378752e-05,-1,52.44999694824219,60.0,1,0,-54.702091217041016,-1.5353041887283325,1,101.0,54.75,2,0,32,False
9570,-24.450645446777344,9.999999747378752e-05,-1,52.44999694824219,60.0,1,0,-68.04885864257812,9.999999747378752e-05,1,101.0,55.79999542236328,2,0,32,False
9585,-30.06277084350586,9.999999747378752e-05,1,52.44999694824219,60.0,1,0,-70.3575210571289,9.999999747378752e-05,1,101.0,56.84999084472656,2,0,32,False
9600,-40.432762145996094,8.030098915100098,1,52.44999694824219,60.0,1,0,-70.3575210571289,9.999999747378752e-05,1,101.0,57.899986267089844,2,0,32,False
9615,-55.7446403503418,2.606098175048828,1,52.44999694824219,60.0,1,0,-75.00752258300781,3.7500998973846436,1,113.0,58.949981689453125,2,0,32,False
9630,-61.207763671875,9.999999747378752e-05,1,52.44999694824219,60.0,1,0,-96.91462707519531,38.5322265625,1,113.0,59.999977111816406,2,0,32,False
9645,-75.11959838867188,9.999999747378752e-05,1,52.44999694824219,60.0,1,0,-124.05406188964844,43.50811767578125,1,113.0,60.0,2,0,32,False
9660,-78.83860778808594,9.999999747378752e-05,1,52.44999694824219,60.0,1,0,-145.45314025878906,38.54801559448242,1,113.0,60.0,2,0,32,False
9675,-78.83860778808594,9.999999747378752e-05,1,52.44999694824219,60.0,1,0,-161.1118621826172,23.651914596557617,1,113.0,60.0,2,0,32,False
9690,-78.83860778808594,9.999999747378752e-05,1,52.44999694824219,60.0,1,0,-161.92523193359375,67.47179412841797,1,113.0,60.0,2,0,32,False
9705,-78.83860778808594,8.3760986328125,1,52.44999694824219,60.0,1,0,-155.79025268554688,71.94367980957031,1,113.0,60.0,2,0,32,False
9720,-75.14335632324219,9.999999747378752e-05,1,52.44999694824219,60.0,1,0,-145.74070739746094,38.23572540283203,1,113.0,60.0,2,0,32,False
9735,-73.18585205078125,5.340099811553955,1,52.44999694824219,60.0,1,0,-141.42520141601562,38.08572769165039,1,113.0,60.0,2,0,32,False
9750,-73.18585205078125,8.61009693145752,1,52.44999694824219,60.0,1,0,-140.9512939453125,35.38572692871094,1,113.0,60.0,2,0,32,False
9765,-87.30789947509766,16.104093551635742,1,52.44999694824219,60.0,1,0,-119.59527587890625,17.21609878540039,1,113.0,60.0,2,0,32,False
9780,-78.15375518798828,25.494089126586914,1,52.44999694824219,60.0,1,0,-88.99791717529297,-7.296618461608887,1,113.0,60.0,2,0,32,False
9795,-58.308719635009766,20.484085083007812,1,52.44999694824219,60.0,1,0,-87.4856948852539,-14.399999618530273,1,113.0,60.0,2,0,32,False
9810,-48.278343200683594,9.999999747378752e-05,1,52.44999694824219,60.0,1,0,-87.5656967163086,-9.561996459960938,1,113.0,60.0,2,0,32,False
9825,-50.89234161376953,9.999999747378752e-05,-1,52.44999694824219,60.0,1,0,-90.26163482666016,-13.474687576293945,1,113.0,60.0,2,0,32,False
9840,-50.09910202026367,9.999999747378752e-05,1,52.44999694824219,60.0,1,0,-85.14605712890625,1.9580187797546387,1,113.0,60.0,2,0,32,False
9855,-57.96472930908203,13.120099067687988,1,52.44999694824219,60.0,1,0,-71.13362121582031,9.999999747378752e-05,1,113.0,60.0,2,0,32,False
9870,-42.16522216796875,20.800098419189453,1,52.44999694824219,60.0,1,0,-67.63420867919922,9.999999747378752e-05,1,113.0,60.0,2,0,32,False
9885,-31.311092376708984,14.080094337463379,1,52.44999694824219,60.0,1,0,-67.63420867919922,9.999999747378752e-05,1,113.0,60.0,2,0,32,False
9900,-46.158729553222656,9.999999747378752e-05,1,52.44999694824219,60.0,1,0,-67.63420867919922,9.999999747378752e-05,1,113.0,60.0,2,0,32,False
9915,-50.431236267089844,9.999999747378752e-05,-1,52.44999694824219,60.0,1,0,-67.63420867919922,9.999999747378752e-05,1,113.0,56.08001708984375,2,0,32,False
9930,-52.44124221801758,9.999999747378752e-05,-1,52.44999694824219,60.0,1,0,-61.53379440307617,-1.7199010848999023,-1,113.0,56.430015563964844,2,0,32,False
9945,-52.44124221801758,9.999999747378752e-05,-1,52.44999694824219,60.0,1,0,-94.3713150024414,19.2415714263916,1,124.16000366210938,57.480010986328125,2,0,32,False
9960,-52.44124221801758,9.999999747378752e-05,-1,52.44999694824219,60.0,1,0,-135.4935302734375,19.173810958862305,1,124.16000366210938,58.530006408691406,2,0,32,False
9975,-65.48133850097656,9.999999747378752e-05,-1,52.44999694824219,60.0,1,0,-168.501708984375,10.181982040405273,1,124.16000366210938,59.58000183105469,2,0,32,False
9990,-72.76829528808594,9.999999747378752e-05,1,52.44999694824219,60.0,1,0,-193.39581298828125,-6.923903465270996,1,124.16000366210938,60.0,2,0,32,False
10005,-77.3868408203125,9.999999747378752e-05,-1,52.44999694824219,60.0,1,0,-207.26962280273438,-18.401840209960938,1,124.16000366210938,60.0,2,0,32,False
10020,-74.49095153808594,9.999999747378752e-05,1,52.44999694824219,60.0,1,0,-203.5802459716797,22.00417137145996,1,125.16000366210938,60.0,2,0,32,False
10035,-77.33960723876953,9.999999747378752e-05,-1,52.44999694824219,60.0,1,0,-192.62770080566406,3.443035364151001,1,125.16000366210938,60.0,2,0,32,False
10050,-66.29551696777344,3.8160996437072754,1,52.44999694824219,60.0,1,0,-185.3124237060547,-4.956964492797852,1,125.16000366210938,60.0,2,0,32,False
10065,-78.19087219238281,9.006097793579102,1,52.44999694824219,60.0,1,0,-182.9169158935547,-6.126964569091797,1,125.16000366210938,60.0,2,0,32,False
10080,-92.78373718261719,-3.533905506134033,1,52.44999694824219,60.0,1,0,-182.9169158935547,-10.62696361541748,1,126.16000366210938,60.0,2,0,32,False
10095,-90.26569366455078,-9.399999618530273,1,52.44999694824219,60.0,1,0,-131.41690063476562,-10.62696361541748,1,126.16000366210938,60.0,2,0,32,False
10110,-91.13099670410156,-1.282098650932312,1,52.44999694824219,60.0,1,0,-101.41688537597656,-10.62696361541748,1,126.16000366210938,60.0,2,0,32,False
10125,-83.50273895263672,9.999999747378752e-05,1,52.44999694824219,60.0,1,0,-84.31686401367188,-36.96696090698242,1,126.16000366210938,60.0,2,0,32,False
10140,-61.54787063598633,9.999999747378752e-05,1,52.44999694824219,60.0,1,0,-71.71683502197266,-78.96697235107422,1,126.16000366210938,60.0,2,0,32,False
10155,-47.19001388549805,9.999999747378752e-05,1,52.44999694824219,60.0,1,0,-63.61680603027344,-120.9670181274414,1,126.16000366210938,60.0,2,0,32,False
10170,-38.201263427734375,2.958099842071533,1,52.44999694824219,60.0,1,0,-61.37678909301758,-140.56703186035156,1,126.16000366210938,60.0,1,0,32,False
10185,-24.986896514892578,9.108098030090332,1,52.44999694824219,60.0,1,0,-61.37678909301758,-140.56703186035156,1,126.16000366210938,60.0,1,0,32,False
10200,-5.574399948120117,0.8580933213233948,1,52.44999694824219,60.0,1,0,-61.37678909301758,-140.56703186035156,1,126.16000366210938,60.0,1,0,32,False
10215,-1.7031477689743042,1.600100040435791,1,52.44999694824219,60.0,1,0,-61.37678909301758,-140.56703186035156,1,126.16000366210938,60.0,1,0,32,False
10230,-20.620189666748047,9.999999747378752e-05,1,52.44999694824219,60.0,1,0,16.0,103.64999389648438,-1,0.0,60.0,1,0,32,False
10245,-35.475582122802734,9.999999747378752e-05,1,52.44999694824219,60.0,1,0,16.0,86.39997100830078,-1,0.0,60.0,1,0,32,False
10260,-41.6331672668457,0.00010001659393310547,1,52.44999694824219,60.0,1,0,16.0,69.14994812011719,-1,0.0,60.0,1,0,32,False
10275,-57.589263916015625,9.999999747378752e-05,1,52.44999694824219,60.0,1,0,16.0,51.89998245239258,-1,0.0,60.0,1,0,32,False
10290,-72.62968444824219,9.999999747378752e-05,1,52.44999694824219,60.0,1,0,16.0,34.56999588012695,-1,0.0,60.0,1,0,32,False
10305,-77.56204986572266,9.999999747378752e-05,1,52.44999694824219,60.0,1,0,16.0,9.999999747378752e-05,-1,0.0,60.0,1,0,32,False
10320,-77.56204986572266,8.030098915100098,1,55.44999694824219,60.0,1,0,-4.154999732971191,10.360099792480469,-1,0.0,60.0,1,0,32,False
10335,-73.69505310058594,9.999999747378752e-05,1,55.44999694824219,60.0,1,0,-24.731252670288086,9.999999747378752e-05,-1,0.0,60.0,1,0,32,False
10350,-61.91498565673828,9.999999747378752e-05,1,55.44999694824219,60.0,1,0,-47.61665344238281,9.999999747378752e-05,-1,0.0,60.0,1,0,32,False
10365,-48.39128494262695,9.999999747378752e-05,1,55.44999694824219,60.0,1,0,-61.538734436035156,9.999999747378752e-05,1,0.0,60.0,1,0,32,False
10380,-33.80437088012695,9.999999747378752e-05,1,55.44999694824219,60.0,1,0,-75.30267333984375,9.999999747378752e-05,1,0.0,60.0,1,0,32,False
10395,-28.46074676513672,13.120099067687988,1,55.44999694824219,60.0,1,0,-75.82097625732422,10.45009994506836,1,0.0,60.0,1,0,32,False
10410,-8.362621307373047,20.800098419189453,1,55.44999694824219,60.0,1,0,-65.77246856689453,3.6800999641418457,1,0.0,60.0,1,0,32,False
10425,9.694879531860352,1.4080947637557983,1,55.44999694824219,60.0,1,0,-42.67246627807617,31.28009796142578,1,0.0,60.0,1,0,32,False
10440,19.704349517822266,9.999999747378752e-05,-1,55.44999694824219,60.0,1,0,-24.43246078491211,9.999999747378752e-05,1,0.0,60.0,1,0,32,False
10455,8.424352645874023,14.080099105834961,-1,55.44999694824219,60.0,1,0,-35.263702392578125,9.999999747378752e-05,-1,0.0,60.0,1,0,32,False
10470,-8.959272384643555,20.800098419189453,-1,55.44999694824219,60.0,1,0,-40.07119369506836,9.999999747378752e-05,-1,0.0,60.0,1,0,32,False
10485,-12.081275939941406,9.999999747378752e-05,-1,55.44999694824219,60.0,1,0,-48.186485290527344,9.999999747378752e-05,1,0.0,60.0,1,0,32,False
10500,1.1511762142181396,9.999999747378752e-05,-1,55.44999694824219,60.0,1,0,-55.35647201538086,9.999999747378752e-05,-1,0.0,60.0,1,0,32,False
10515,13.528668403625488,0.00010001659393310547,-1,55.44999694824219,60.0,1,0,-45.25932312011719,16.100099563598633,1,0.0,60.0,1,0,32,False
10530,24.853172302246094,9.999999747378752e-05,-1,55.44999694824219,60.0,1,0,-23.35931968688965,21.08009910583496,1,0.0,60.0,1,0,32,False
10545,13.820676803588867,13.120099067687988,-1,55.44999694824219,60.0,1,0,-7.639312744140625,9.999999747378752e-05,1,0.0,60.0,1,0,32,False
10560,-2.6073222160339355,20.800098419189453,-1,55.44999694824219,60.0,1,0,5.9235076904296875,9.999999747378752e-05,1,0.0,60.0,1,0,32,False
10575,-3.924448013305664,0.00010000169277191162,-1,55.44999694824219,60.0,1,0,15.336493492126465,9.999999747378752e-05,1,0.0,60.0,1,0,32,False
10590,4.2511773109436035,6.01609992980957,-1,55.44999694824219,60.0,1,0,2.2518224716186523,9.999999747378752e-05,1,0.0,60.0,1,0,32,False
10605,24.62642478942871,8.064099311828613,-1,60.44999694824219,60.0,1,0,-2.764315605163574,3.970099687576294,1,0.0,60.0,1,0,32,False
10620,53.538902282714844,9.999999747378752e-05,-1,60.44999694824219,60.0,1,0,6.73056697845459,9.989738464355469e-05,1,0.0,60.0,1,0,32,False
10635,70.74237823486328,9.999999747378752e-05,-1,60.44999694824219,60.0,1,0,20.912813186645508,9.999999747378752e-05,1,0.0,60.0,1,0,32,False
10650,73.04185485839844,9.999999747378752e-05,-1,60.44999694824219,60.0,1,0,45.38665008544922,9.999999747378752e-05,1,0.0,60.0,1,0,32,False
10665,73.04185485839844,9.999999747378752e-05,-1,60.44999694824219,60.0,1,0,66.20187377929688,9.999999747378752e-05,1,0.0,60.0,1,0,32,False
10680,71.74522399902344,9.999999747378752e-05,-1,60.44999694824219,60.0,1,0,57.687278747558594,9.999999747378752e-05,-1,0.0,60.0,1,0,32,False
10695,49.41069030761719,9.999999747378752e-05,-1,60.44999694824219,60.0,1,0,50.472496032714844,9.999999747378752e-05,1,0.0,60.0,1,0,32,False
10710,47.2362174987793,9.999999747378752e-05,-1,60.44999694824219,60.0,1,0,66.46617889404297,9.999999747378752e-05,1,0.0,60.0,1,0,32,False
10725,47.2362174987793,9.999999747378752e-05,-1,60.44999694824219,60.0,1,0,78.82769012451172,9.999999747378752e-05,1,0.0,60.0,1,0,32,False
10740,40.1627197265625,9.999999747378752e-05,-1,60.44999694824219,60.0,1,0,64.07499694824219,9.999999747378752e-05,-1,0.0,60.0,1,0,32,False
10755,23.928714752197266,8.030098915100098,-1,60.44999694824219,60.0,1,0,31.80998992919922,9.999999747378752e-05,-1,0.0,60.0,1,0,32,False
10770,7.219666957855225,25.10009765625,-1,60.44999694824219,60.0,1,0,14.994993209838867,9.999999747378752e-05,-1,0.0,60.0,1,0,32,False
10785,-12.996582984924316,27.77009391784668,-1,60.44999694824219,60.0,1,0,13.40499210357666,9.999999747378752e-05,-1,0.0,60.0,1,0,32,False
10800,-22.883712768554688,11.288087844848633,-1,60.44999694824219,60.0,1,0,13.40499210357666,9.999999747378752e-05,-1,0.0,60.0,1,0,32,False
10815,-11.793086051940918,25.228086471557617,1,60.44999694824219,60.0,1,0,13.40499210357666,9.999999747378752e-05,-1,0.0,60.0,1,0,32,False
10830,3.7877395153045654,23.764083862304688,1,60.44999694824219,60.0,1,0,-9.015008926391602,10.45009994506836,-1,0.0,60.0,1,0,32,False
10845,-5.78188419342041,0.00010000169277191162,1,60.44999694824219,60.0,1,0,-28.215011596679688,9.999999747378752e-05,-1,0.0,60.0,1,0,32,False
10860,-2.1034865379333496,1.600100040435791,1,60.44999694824219,60.0,1,0,-20.412166595458984,7.020099639892578,1,0.0,60.0,1,0,32,False
10875,14.047966957092285,1.600100040435791,1,60.44999694824219,60.0,1,0,-7.309298992156982,-0.7899022102355957,1,0.0,60.0,1,0,32,False
10890,17.340740203857422,1.5361000299453735,-1,64.44999694824219,60.0,1,0,-3.767575740814209,9.999999747378752e-05,1,0.0,60.0,1,0,32,False
10905,30.23314666748047,7.777559757232666,-1,64.44999694824219,60.0,1,0,0.21992409229278564,9.999999747378752e-05,1,0.0,60.0,1,0,32,False
10920,41.13729476928711,9.999999747378752e-05,-1,64.44999694824219,59.720001220703125,1,0,21.034927368164062,9.999999747378752e-05,1,0.0,60.0,1,0,32,False
10935,42.318546295166016,9.999999747378752e-05,-1,64.44999694824219,55.52001953125,1,0,24.33118438720703,9.999999747378752e-05,1,0.0,60.0,1,0,32,False
10950,38.71342086791992,6.608099460601807,-1,64.44999694824219,55.52001953125,1,0,24.33118438720703,9.999999747378752e-05,1,0.0,60.0,1,0,32,False
10965,19.88204574584961,2.606098175048828,-1,64.44999694824219,56.57001495361328,1,0,24.33118438720703,9.999999747378752e-05,-1,0.0,60.0,1,0,32,False
10980,6.157044887542725,9.999999747378752e-05,-1,64.44999694824219,57.62001037597656,1,0,24.631183624267578,9.999999747378752e-05,1,0.0,60.0,1,0,32,False
10995,11.32110595703125,9.999999747378752e-05,1,64.44999694824219,58.670005798339844,1,0,24.631183624267578,9.999999747378752e-05,1,0.0,60.0,1,0,32,False
11010,10.42110538482666,9.999999747378752e-05,1,64.44999694824219,59.720001220703125,1,0,12.582433700561523,9.999999747378752e-05,-1,0.0,60.0,1,0,32,False
11025,13.06367301940918,18.005611419677734,-1,82.44999694824219,60.0,1,0,4.904935836791992,9.999999747378752e-05,-1,0.0,60.0,1,0,32,False
11040,28.080944061279297,92.61274719238281,-1,82.44999694824219,60.0,1,0,-0.18256279826164246,9.999999747378752e-05,-1,0.0,60.0,1,0,32,False
11055,41.1056022644043,147.0831756591797,-1,82.44999694824219,60.0,1,0,-0.18256279826164246,9.999999747378752e-05,-1,0.0,60.0,1,0,32,False
11070,52.13764953613281,190.14889526367188,-1,82.44999694824219,60.0,1,0,-0.18256279826164246,9.999999747378752e-05,-1,0.0,60.0,1,0,32,False
11085,52.13764953613281,176.10104370117188,-1,82.44999694824219,60.0,1,0,-0.18256279826164246,9.999999747378752e-05,-1,0.0,60.0,1,0,32,False
11100,52.13764953613281,162.05319213867188,-1,82.44999694824219,60.0,1,0,-0.18256279826164246,9.999999747378752e-05,-1,0.0,60.0,1,0,32,False
11115,52.13764953613281,148.00534057617188,-1,82.44999694824219,60.0,1,0,-0.18256279826164246,9.999999747378752e-05,-1,0.0,60.0,1,0,32,False
11130,52.13764953613281,133.95748901367188,-1,82.44999694824219,60.0,1,0,-0.18256279826164246,9.999999747378752e-05,-1,0.0,60.0,1,0,32,False
11145,52.13764953613281,119.9095687866211,-1,82.44999694824219,60.0,1,0,-0.18256279826164246,9.999999747378752e-05,-1,0.0,60.0,1,0,32,False
11160,52.13764953613281,105.86160278320312,-1,82.44999694824219,60.0,1,0,-0.18256279826164246,9.999999747378752e-05,-1,0.0,60.0,1,0,32,False
11175,52.13764953613281,91.81363677978516,-1,82.44999694824219,60.0,1,0,-0.18256279826164246,9.999999747378752e-05,-1,0.0,60.0,1,0,32,False
11190,52.13764953613281,77.76567077636719,-1,82.44999694824219,60.0,1,0,-0.18256279826164246,9.999999747378752e-05,-1,0.0,60.0,1,0,32,False
